1575280643.848136 0.000000 0.000000 0.000000 0.000000 0.000000 0.000000 1.000000
1575280643.951527 0.961173 0.011432 0.026109 -0.000346 -0.002155 -0.000794 0.999997
1575280644.055242 1.924063 0.017375 0.051918 0.000706 -0.002601 -0.001083 0.999996
1575280644.158398 2.887167 0.031139 0.093687 0.001450 -0.000445 -0.001088 0.999998
1575280644.261757 3.847507 0.044143 0.137242 0.002194 0.002779 -0.000667 0.999994
1575280644.366065 4.805339 0.052015 0.174288 0.004400 0.002330 0.000036 0.999988
1575280644.468525 5.737230 0.062623 0.205970 0.005765 0.000802 0.000561 0.999983
1575280644.572355 6.674299 0.073238 0.223738 0.006044 -0.000735 0.000956 0.999981
1575280644.675347 7.603810 0.086968 0.247734 0.005726 -0.001063 0.001353 0.999982
1575280644.778693 8.533132 0.098687 0.269483 0.005394 0.000087 0.001830 0.999984
1575280644.882206 9.463595 0.111357 0.287556 0.005354 0.001549 0.002191 0.999982
1575280644.985574 10.386636 0.124556 0.302744 0.005430 0.002201 0.002695 0.999979
1575280645.092394 11.337145 0.138939 0.321100 0.006208 0.002530 0.003010 0.999973
1575280645.192365 12.220850 0.151294 0.346279 0.006288 0.002473 0.003490 0.999971
1575280645.295704 13.130273 0.165430 0.375432 0.006403 0.001683 0.003825 0.999971
1575280645.399219 14.037911 0.180426 0.409243 0.006638 0.000572 0.004589 0.999967
1575280645.502657 14.941762 0.194249 0.434295 0.007288 -0.000068 0.005336 0.999959
1575280645.605979 15.842326 0.211504 0.452790 0.007098 -0.000351 0.006167 0.999956
1575280645.709489 16.738942 0.230996 0.470368 0.006444 -0.000811 0.006883 0.999955
1575280645.812860 17.630586 0.248833 0.484738 0.005712 -0.000853 0.007737 0.999953
1575280645.916372 18.522542 0.266636 0.500671 0.005978 -0.000377 0.008521 0.999946
1575280646.019756 19.409843 0.286992 0.519971 0.005650 0.000310 0.009190 0.999942
1575280646.123267 20.290306 0.307459 0.539327 0.005564 0.000472 0.009941 0.999935
1575280646.226762 21.164394 0.325989 0.546992 0.006128 0.000439 0.010814 0.999923
1575280646.330146 22.033349 0.343872 0.554559 0.006226 0.000118 0.011611 0.999913
1575280646.433650 22.896329 0.364512 0.560629 0.006187 0.000345 0.012124 0.999907
1575280646.537159 23.753278 0.385177 0.569043 0.006070 0.001320 0.012653 0.999901
1575280646.641830 24.611163 0.403710 0.577080 0.006721 0.002754 0.013077 0.999888
1575280646.744275 25.438054 0.419665 0.577970 0.006546 0.003426 0.013421 0.999883
1575280646.847692 26.262022 0.439039 0.579571 0.006310 0.002825 0.013798 0.999881
1575280646.951681 27.075992 0.460782 0.581755 0.005590 0.001436 0.014164 0.999883
1575280647.054709 27.872426 0.483253 0.590234 0.005322 0.000628 0.014546 0.999880
1575280647.158214 28.664896 0.506199 0.603503 0.004954 0.000388 0.015012 0.999875
1575280647.262099 29.449918 0.528851 0.616597 0.005054 0.000181 0.015716 0.999864
1575280647.365212 30.221784 0.551791 0.624154 0.004888 -0.000138 0.016646 0.999849
1575280647.468857 30.988459 0.574180 0.619156 0.004885 -0.000336 0.017569 0.999834
1575280647.572810 31.748616 0.599905 0.623308 0.005042 0.000225 0.018604 0.999814
1575280647.675861 32.492907 0.626909 0.633103 0.005051 0.001542 0.019593 0.999794
1575280647.779377 33.230360 0.658644 0.646844 0.004673 0.002159 0.020514 0.999776
1575280647.883007 33.957653 0.695772 0.661687 0.003936 0.002265 0.021482 0.999759
1575280647.990287 34.698766 0.736106 0.672701 0.002597 0.001799 0.022374 0.999745
1575280648.091573 35.388310 0.774351 0.680201 0.001833 0.001362 0.023243 0.999727
1575280648.194102 36.081024 0.810515 0.680409 0.001606 0.002062 0.024004 0.999708
1575280648.297319 36.768845 0.845967 0.679458 0.001030 0.002835 0.024528 0.999695
1575280648.400655 37.444689 0.886320 0.685502 -0.000476 0.003168 0.024486 0.999695
1575280648.504371 38.106577 0.924723 0.684679 -0.002069 0.002098 0.023926 0.999709
1575280648.608951 38.758691 0.956081 0.679953 -0.002902 0.000416 0.023010 0.999731
1575280648.711924 39.395620 0.984657 0.681002 -0.003094 -0.000577 0.021920 0.999755
1575280648.814960 40.032509 1.014600 0.683874 -0.003676 -0.000117 0.020391 0.999785
1575280648.921393 40.681994 1.047604 0.693312 -0.006154 0.001458 0.018616 0.999807
1575280649.022404 41.287478 1.077251 0.700813 -0.008326 0.003327 0.016718 0.999820
1575280649.125634 41.886269 1.103452 0.705799 -0.010756 0.003750 0.014550 0.999829
1575280649.229278 42.471058 1.125424 0.708404 -0.012590 0.003841 0.011845 0.999843
1575280649.332780 43.039755 1.143142 0.711843 -0.014407 0.004890 0.008954 0.999844
1575280649.436231 43.587985 1.158729 0.716957 -0.016892 0.005688 0.005586 0.999826
1575280649.539755 44.115005 1.168154 0.722573 -0.018519 0.005456 0.002002 0.999812
1575280649.643359 44.622630 1.172093 0.727704 -0.020252 0.005758 -0.001665 0.999777
1575280649.746872 45.106109 1.174574 0.726747 -0.022454 0.005638 -0.005457 0.999717
1575280649.850509 45.570001 1.173964 0.725443 -0.024612 0.004295 -0.009378 0.999644
1575280649.954006 46.009296 1.168094 0.731071 -0.025435 0.002781 -0.013420 0.999583
1575280650.057642 46.431080 1.156127 0.736611 -0.025641 0.003110 -0.017395 0.999515
1575280650.161157 46.828328 1.137645 0.742430 -0.025370 0.003917 -0.021265 0.999444
1575280650.264652 47.200431 1.119077 0.745990 -0.026232 0.004512 -0.025307 0.999325
1575280650.372173 47.563388 1.101462 0.749128 -0.027936 0.004692 -0.029902 0.999151
1575280650.471858 47.874632 1.085878 0.753713 -0.030236 0.004694 -0.034157 0.998948
1575280650.575430 48.173097 1.065255 0.760606 -0.032015 0.005019 -0.038704 0.998725
1575280650.678945 48.447538 1.037816 0.772157 -0.031730 0.005387 -0.043358 0.998541
1575280650.782565 48.713327 1.007441 0.781585 -0.031140 0.004589 -0.048761 0.998314
1575280650.886203 48.972349 0.974425 0.789479 -0.030353 0.002433 -0.054839 0.998031
1575280650.989837 49.229298 0.938863 0.796464 -0.030672 0.000575 -0.061565 0.997631
1575280651.093466 49.484462 0.902199 0.805320 -0.031476 -0.000021 -0.069458 0.997088
1575280651.201436 49.747766 0.858627 0.812773 -0.032368 -0.000219 -0.078041 0.996425
1575280651.300728 49.984928 0.812316 0.819896 -0.032470 -0.000478 -0.086245 0.995745
1575280651.404716 50.230257 0.756629 0.826741 -0.031985 -0.000715 -0.095464 0.994919
1575280651.511493 50.478165 0.694456 0.834086 -0.031438 -0.000551 -0.105595 0.993912
1575280651.611492 50.709323 0.632755 0.839988 -0.031560 -0.000748 -0.115568 0.992798
1575280651.715124 50.948764 0.564960 0.846012 -0.032430 -0.001391 -0.126478 0.991438
1575280651.818757 51.186621 0.489761 0.853294 -0.032904 -0.001909 -0.138171 0.989860
1575280651.922386 51.427396 0.406188 0.862219 -0.033430 -0.001789 -0.150845 0.987990
1575280652.026098 51.668929 0.317381 0.872090 -0.034833 -0.001420 -0.164283 0.985797
1575280652.132057 51.913223 0.218526 0.883102 -0.035974 -0.001151 -0.178906 0.983208
1575280652.234097 52.145381 0.111155 0.894554 -0.036195 -0.001060 -0.193807 0.980371
1575280652.336915 52.374968 -0.011638 0.904865 -0.035002 -0.001601 -0.209742 0.977129
1575280652.441582 52.603556 -0.148127 0.914151 -0.033285 -0.002641 -0.227375 0.973235
1575280652.544165 52.828003 -0.291085 0.922809 -0.032579 -0.004253 -0.245754 0.968775
1575280652.647798 53.051913 -0.444529 0.931536 -0.032905 -0.006020 -0.264930 0.963687
1575280652.752047 53.282976 -0.614215 0.941571 -0.033464 -0.007315 -0.284991 0.957918
1575280652.856163 53.518487 -0.799436 0.953141 -0.034659 -0.007985 -0.305976 0.951375
1575280652.958716 53.748010 -0.996626 0.968091 -0.036645 -0.007832 -0.327323 0.944169
1575280653.062333 53.988386 -1.216157 0.983877 -0.038910 -0.007503 -0.349322 0.936165
1575280653.165968 54.224124 -1.462978 1.000904 -0.039226 -0.007668 -0.372278 0.927260
1575280653.269592 54.449755 -1.741233 1.013046 -0.037951 -0.007316 -0.396127 0.917382
1575280653.373248 54.676884 -2.055505 1.011733 -0.037011 -0.007438 -0.420114 0.906686
1575280653.478221 54.893506 -2.389226 1.015301 -0.036668 -0.007511 -0.444971 0.894762
1575280653.580520 55.100017 -2.741532 1.008829 -0.035942 -0.008540 -0.469821 0.881988
1575280653.684145 55.299055 -3.118989 1.013341 -0.035263 -0.008412 -0.494734 0.868288
1575280653.787821 55.478476 -3.518760 1.016336 -0.034518 -0.007486 -0.518789 0.854172
1575280653.892036 55.640866 -3.944839 1.038966 -0.034420 -0.005808 -0.542349 0.839428
1575280653.994906 55.789258 -4.382570 1.058828 -0.035768 -0.003703 -0.564742 0.824484
1575280654.098496 55.905609 -4.840382 1.079192 -0.035708 -0.004689 -0.586217 0.809354
1575280654.201806 55.998706 -5.319020 1.106290 -0.031585 -0.006777 -0.606072 0.794753
1575280654.305306 56.063800 -5.819745 1.132961 -0.025985 -0.009585 -0.624065 0.780881
1575280654.411126 56.121722 -6.341667 1.154441 -0.023029 -0.011801 -0.641213 0.766927
1575280654.512666 56.166802 -6.854234 1.177331 -0.022969 -0.013872 -0.655740 0.754510
1575280654.615186 56.191079 -7.385914 1.213873 -0.020209 -0.016617 -0.667933 0.743761
1575280654.718356 56.215569 -7.936797 1.258160 -0.017586 -0.017930 -0.678777 0.733915
1575280654.821556 56.227905 -8.502301 1.292828 -0.014658 -0.019194 -0.687908 0.725396
1575280654.925336 56.238408 -9.079252 1.330416 -0.012976 -0.020885 -0.695029 0.718561
1575280655.028326 56.240787 -9.661103 1.368527 -0.012576 -0.022380 -0.700610 0.713082
1575280655.132286 56.242164 -10.265992 1.407647 -0.012285 -0.022179 -0.705403 0.708353
1575280655.234036 56.244108 -10.866342 1.450352 0.012455 0.022344 0.709458 -0.704283
1575280655.337116 56.229824 -11.484250 1.501508 0.012023 0.025067 0.712523 -0.701098
1575280655.440686 56.197371 -12.112562 1.556006 0.011113 0.027224 0.714812 -0.698699
1575280655.543406 56.171767 -12.750671 1.600064 0.010740 0.026889 0.716452 -0.697035
1575280655.647626 56.152818 -13.404149 1.643179 0.010756 0.025145 0.717755 -0.695758
1575280655.749846 56.128404 -14.065630 1.690033 0.008862 0.021693 0.718632 -0.694996
1575280655.852956 56.091261 -14.746116 1.731994 0.006258 0.020113 0.719106 -0.694581
1575280655.956136 56.048382 -15.431505 1.773612 0.004552 0.020283 0.719280 -0.694409
1575280656.059326 56.009497 -16.121059 1.816246 0.004269 0.022210 0.719193 -0.694442
1575280656.162636 55.971473 -16.816344 1.851569 0.006737 0.025465 0.718977 -0.694534
1575280656.265786 55.939600 -17.518449 1.881725 0.009322 0.028450 0.718219 -0.695173
1575280656.369186 55.909557 -18.238722 1.916705 0.009342 0.029488 0.717470 -0.695902
1575280656.472686 55.880695 -18.976331 1.958141 0.007932 0.027395 0.716756 -0.696740
1575280656.575566 55.854799 -19.713977 2.005969 0.005370 0.024653 0.715890 -0.697757
1575280656.678866 55.832624 -20.449047 2.047145 0.005921 0.023642 0.714950 -0.698750
1575280656.782266 55.798832 -21.174807 2.082539 0.005072 0.028517 0.713811 -0.699739
1575280656.885846 55.770749 -21.903559 2.119288 0.006248 0.031192 0.712611 -0.700837
1575280656.989786 55.765433 -22.640202 2.162439 0.008789 0.029004 0.711812 -0.701716
1575280657.092346 55.760561 -23.369730 2.212053 0.009143 0.026912 0.710653 -0.702968
1575280657.196166 55.741438 -24.111784 2.265576 0.005831 0.026322 0.709020 -0.704673
1575280657.300906 55.718970 -24.850469 2.309489 0.004965 0.029037 0.707878 -0.705720
1575280657.403016 55.716017 -25.574135 2.351603 0.006561 0.030323 0.706778 -0.706755
1575280657.506096 55.725677 -26.307591 2.397856 -0.008259 -0.029654 -0.705524 0.708018
1575280657.609406 55.741283 -27.045048 2.444474 -0.008166 -0.028908 -0.704160 0.709405
1575280657.712806 55.747532 -27.784996 2.496364 -0.005656 -0.029597 -0.702797 0.710752
1575280657.816306 55.758275 -28.519150 2.550868 -0.003947 -0.031227 -0.701395 0.712077
1575280657.919776 55.768775 -29.254308 2.598092 -0.003321 -0.032689 -0.700120 0.713269
1575280658.023186 55.781526 -29.988781 2.641865 -0.003369 -0.032910 -0.699142 0.714217
1575280658.126736 55.792481 -30.728637 2.684256 -0.002378 -0.033174 -0.697879 0.715443
1575280658.230256 55.804284 -31.469962 2.727862 -0.001265 -0.033170 -0.696553 0.716737
1575280658.333636 55.826091 -32.208951 2.761262 -0.002051 -0.033280 -0.695525 0.717728
1575280658.437106 55.853985 -32.951726 2.794096 -0.003513 -0.032846 -0.694415 0.718817
1575280658.540586 55.879088 -33.695754 2.828793 -0.002899 -0.033621 -0.693388 0.719774
1575280658.644106 55.911557 -34.443654 2.868465 -0.003675 -0.032567 -0.692374 0.720794
1575280658.747626 55.946917 -35.188151 2.904890 -0.004356 -0.032551 -0.691638 0.721497
1575280658.851006 55.985168 -35.944016 2.946944 -0.005509 -0.031067 -0.690485 0.722658
1575280658.954536 56.022456 -36.697501 2.989786 -0.006640 -0.031471 -0.689262 0.723798
1575280659.058006 56.060819 -37.451639 3.036178 -0.008444 -0.032746 -0.688091 0.724836
1575280659.161496 56.101463 -38.213150 3.083585 -0.009037 -0.033203 -0.686861 0.725974
1575280659.264886 56.153110 -38.977841 3.125766 -0.011929 -0.032201 -0.685697 0.727077
1575280659.368356 56.207479 -39.750566 3.169468 -0.012847 -0.030356 -0.684717 0.728064
1575280659.472056 56.254569 -40.527241 3.218173 -0.012258 -0.031416 -0.683397 0.729267
1575280659.575336 56.306027 -41.304984 3.265198 -0.012760 -0.031651 -0.681907 0.730642
1575280659.678756 56.368352 -42.089505 3.310194 -0.014627 -0.030456 -0.680582 0.731892
1575280659.782386 56.428847 -42.880975 3.358304 -0.014350 -0.030022 -0.679058 0.733330
1575280659.887546 56.493480 -43.689310 3.403731 -0.013799 -0.029475 -0.677215 0.735065
1575280659.989046 56.566124 -44.465453 3.450388 -0.016522 -0.030062 -0.675377 0.736675
1575280660.092436 56.643255 -45.256247 3.490281 -0.020166 -0.033083 -0.673056 0.738576
1575280660.196416 56.725969 -46.059928 3.540104 -0.022179 -0.034222 -0.670218 0.741043
1575280660.301586 56.820906 -46.875295 3.595918 -0.024272 -0.033809 -0.667454 0.743487
1575280660.402586 56.919944 -47.668126 3.656478 -0.024770 -0.031687 -0.664816 0.745924
1575280660.506156 57.022576 -48.481892 3.719241 -0.024154 -0.031065 -0.661947 0.748517
1575280660.609536 57.129784 -49.296719 3.777963 -0.023136 -0.030077 -0.659245 0.750970
1575280660.712846 57.246693 -50.114068 3.837576 -0.021784 -0.027071 -0.656422 0.753593
1575280660.816216 57.371337 -50.926302 3.889488 -0.020193 -0.023830 -0.653717 0.756095
1575280660.921566 57.498183 -51.748590 3.945588 -0.019103 -0.022376 -0.650797 0.758681
1575280661.023716 57.623428 -52.533952 3.993199 -0.019973 -0.023777 -0.648063 0.760953
1575280661.127616 57.756826 -53.322136 4.039743 -0.021794 -0.026212 -0.645817 0.762731
1575280661.231476 57.893146 -54.104336 4.091008 -0.023543 -0.027739 -0.643770 0.764354
1575280661.333576 58.030468 -54.866226 4.145004 -0.024950 -0.027928 -0.641888 0.765883
1575280661.437006 58.170581 -55.633225 4.199290 -0.025343 -0.027142 -0.639761 0.767676
1575280661.542016 58.309320 -56.409143 4.251027 -0.022989 -0.027373 -0.637738 0.769423
1575280661.643916 58.449828 -57.153871 4.302442 -0.020699 -0.025535 -0.636042 0.770954
1575280661.747496 58.599885 -57.902487 4.349169 -0.019045 -0.021712 -0.634880 0.772071
1575280661.851226 58.752551 -58.642618 4.395519 -0.019184 -0.019461 -0.633630 0.773154
1575280661.954476 58.900268 -59.366798 4.436202 -0.019832 -0.019027 -0.632347 0.774197
1575280662.057926 59.049400 -60.080076 4.478430 -0.021221 -0.019183 -0.631469 0.774873
1575280662.161506 59.203874 -60.781105 4.519859 -0.023915 -0.019156 -0.630869 0.775284
1575280662.265326 59.354280 -61.472610 4.563203 -0.025824 -0.020369 -0.630025 0.775878
1575280662.368606 59.501918 -62.150469 4.598947 -0.027652 -0.022246 -0.629167 0.776459
1575280662.472106 59.648589 -62.824860 4.641605 -0.028082 -0.023188 -0.628524 0.776937
1575280662.575626 59.796453 -63.491818 4.688699 -0.028695 -0.022204 -0.628036 0.777338
1575280662.679086 59.939171 -64.151828 4.739960 -0.027806 -0.021104 -0.627804 0.777589
1575280662.782816 60.080660 -64.803723 4.788481 -0.026890 -0.019992 -0.627648 0.777776
1575280662.886166 60.213403 -65.443132 4.828912 -0.026341 -0.019886 -0.627759 0.777708
1575280662.989646 60.345865 -66.072822 4.875861 -0.026105 -0.019599 -0.628381 0.777221
1575280663.093636 60.476705 -66.694287 4.923461 -0.026753 -0.019330 -0.629044 0.776668
1575280663.199936 60.610791 -67.318185 4.975745 -0.028217 -0.020242 -0.629947 0.775861
1575280663.300246 60.732968 -67.892847 5.023500 -0.028806 -0.022260 -0.630830 0.775067
1575280663.405886 60.856481 -68.497768 5.069879 -0.028204 -0.023314 -0.631555 0.774467
1575280663.508206 60.981923 -69.076530 5.115192 -0.028160 -0.022584 -0.632421 0.773783
1575280663.612096 61.098458 -69.656875 5.165132 -0.027374 -0.021311 -0.633480 0.772981
1575280663.715116 61.212317 -70.224635 5.218436 -0.025873 -0.019618 -0.634328 0.772382
1575280663.817986 61.319668 -70.775791 5.264164 -0.024600 -0.020367 -0.635110 0.771761
1575280663.921486 61.422949 -71.320774 5.306477 -0.023874 -0.022815 -0.635837 0.771116
1575280664.025316 61.525956 -71.862145 5.345686 -0.023229 -0.024958 -0.636810 0.770266
1575280664.128446 61.630114 -72.398712 5.387296 -0.024284 -0.025617 -0.637430 0.769700
1575280664.231986 61.733773 -72.934291 5.432992 -0.025107 -0.026448 -0.637905 0.769252
1575280664.335776 61.836156 -73.477789 5.475820 -0.023940 -0.026338 -0.638403 0.768879
1575280664.439026 61.927739 -74.019900 5.517525 -0.021310 -0.028117 -0.638178 0.769080
1575280664.542386 62.018704 -74.565426 5.557086 -0.019322 -0.029766 -0.637241 0.769847
1575280664.645866 62.120626 -75.113688 5.599896 -0.018200 -0.030340 -0.636491 0.770472
1575280664.750216 62.232909 -75.665854 5.644370 -0.019069 -0.029065 -0.635107 0.771642
1575280664.852746 62.344043 -76.214280 5.684986 -0.019367 -0.029178 -0.632916 0.773428
1575280664.956336 62.461830 -76.773305 5.730298 -0.018694 -0.029439 -0.630226 0.775629
1575280665.061706 62.591763 -77.350104 5.774603 -0.018557 -0.029186 -0.626934 0.778305
1575280665.164236 62.718291 -77.911317 5.817786 -0.018440 -0.028919 -0.623714 0.780900
1575280665.266106 62.854518 -78.476301 5.864752 -0.019373 -0.027310 -0.620099 0.783809
1575280665.372426 63.005299 -79.069821 5.908093 -0.019812 -0.026945 -0.616039 0.787005
1575280665.472936 63.161766 -79.636515 5.945970 -0.022157 -0.026742 -0.612122 0.790000
1575280665.578466 63.333765 -80.239956 5.982801 -0.024208 -0.026663 -0.608097 0.793045
1575280665.681136 63.507598 -80.836036 6.024216 -0.026069 -0.026016 -0.603578 0.796453
1575280665.784306 63.688710 -81.443462 6.065906 -0.027173 -0.026318 -0.599257 0.799663
1575280665.886546 63.885191 -82.055667 6.100746 -0.028104 -0.025815 -0.595097 0.802747
1575280665.990056 64.089607 -82.686193 6.142243 -0.028786 -0.025866 -0.590702 0.805962
1575280666.093426 64.305298 -83.327099 6.181328 -0.029965 -0.025053 -0.586270 0.809174
1575280666.196926 64.535118 -83.987978 6.221972 -0.028170 -0.023176 -0.581788 0.812522
1575280666.300306 64.769315 -84.657114 6.259473 -0.024540 -0.021589 -0.577242 0.815918
1575280666.403826 65.016697 -85.336192 6.302372 -0.022741 -0.020627 -0.572501 0.819329
1575280666.507576 65.279306 -86.023403 6.339281 -0.021752 -0.019587 -0.568111 0.822431
1575280666.610626 65.551060 -86.727703 6.354665 -0.018503 -0.020837 -0.564213 0.825159
1575280666.714096 65.823076 -87.433207 6.369751 -0.015441 -0.022184 -0.560206 0.827912
1575280666.817666 66.110764 -88.160920 6.388934 -0.009792 -0.022016 -0.557159 0.830056
1575280666.921106 66.403733 -88.881347 6.422567 -0.006623 -0.023237 -0.553924 0.832216
1575280667.024746 66.711812 -89.598030 6.459197 -0.006322 -0.024140 -0.550633 0.834374
1575280667.128176 67.016815 -90.308874 6.490970 -0.007319 -0.028365 -0.547182 0.836501
1575280667.232806 67.335672 -91.025555 6.534406 -0.007425 -0.032657 -0.543861 0.838507
1575280667.335756 67.664515 -91.730368 6.587576 -0.008645 -0.032269 -0.541399 0.840102
1575280667.438786 68.007772 -92.418378 6.627676 -0.011627 -0.029818 -0.539272 0.841523
1575280667.542676 68.350244 -93.099067 6.684666 -0.014447 -0.028675 -0.537379 0.842729
1575280667.646346 68.681898 -93.772399 6.739769 -0.015733 -0.029923 -0.535354 0.843951
1575280667.751646 69.019472 -94.445225 6.810349 -0.017903 -0.030667 -0.533351 0.845148
1575280667.852716 69.346086 -95.088541 6.879468 -0.019708 -0.030606 -0.531703 0.846148
1575280667.956356 69.678605 -95.741915 6.953348 -0.019543 -0.029391 -0.529810 0.847381
1575280668.061346 70.007428 -96.399263 7.020369 -0.018144 -0.028330 -0.527817 0.848692
1575280668.163246 70.329121 -97.023546 7.087167 -0.017570 -0.027102 -0.526235 0.849726
1575280668.270236 70.661222 -97.663895 7.155309 -0.017689 -0.026154 -0.524501 0.850824
1575280668.370556 70.973932 -98.254275 7.215531 -0.018742 -0.026457 -0.522880 0.851789
1575280668.473446 71.286637 -98.853228 7.271186 -0.018536 -0.027153 -0.521562 0.852580
1575280668.576886 71.596440 -99.448971 7.326496 -0.017395 -0.027313 -0.520586 0.853195
1575280668.680336 71.902688 -100.034123 7.383059 -0.016520 -0.027848 -0.519779 0.853687
1575280668.783716 72.211077 -100.609616 7.437371 -0.016875 -0.027134 -0.518894 0.854241
1575280668.887226 72.517136 -101.176547 7.491386 -0.016420 -0.027599 -0.517943 0.854812
1575280668.990636 72.819022 -101.729859 7.547835 -0.017140 -0.028587 -0.516659 0.855542
1575280669.094106 73.114060 -102.270095 7.604776 -0.016268 -0.029520 -0.515190 0.856413
1575280669.197496 73.408693 -102.809434 7.661301 -0.015375 -0.030439 -0.513717 0.857282
1575280669.300886 73.699644 -103.338968 7.710138 -0.014056 -0.031113 -0.512179 0.858200
1575280669.404436 73.987186 -103.864507 7.750546 -0.013349 -0.031517 -0.510518 0.859186
1575280669.507766 74.271976 -104.379784 7.790691 -0.012956 -0.031909 -0.508965 0.860098
1575280669.611296 74.557116 -104.890314 7.831003 -0.012549 -0.032048 -0.507298 0.861083
1575280669.714666 74.839652 -105.395133 7.870272 -0.011918 -0.032757 -0.505618 0.862053
1575280669.818366 75.125996 -105.896119 7.908860 -0.012411 -0.033373 -0.503685 0.863153
1575280669.922666 75.413390 -106.398065 7.949440 -0.011879 -0.034624 -0.501548 0.864355
1575280670.025926 75.702745 -106.893622 8.001138 -0.013564 -0.035380 -0.499145 0.865690
1575280670.128176 75.992257 -107.375487 8.053260 -0.016199 -0.036921 -0.496346 0.867188
1575280670.232646 76.293392 -107.865190 8.106854 -0.019772 -0.038031 -0.493301 0.868802
1575280670.335086 76.594805 -108.345378 8.158036 -0.022976 -0.038943 -0.490097 0.870494
1575280670.438326 76.901042 -108.832652 8.210879 -0.025081 -0.039980 -0.486723 0.872281
1575280670.541716 77.219393 -109.324874 8.265837 -0.026439 -0.038011 -0.483866 0.873916
1575280670.645086 77.546725 -109.827454 8.329495 -0.027912 -0.034314 -0.480989 0.875610
1575280670.748496 77.879604 -110.339900 8.385992 -0.028939 -0.030138 -0.477884 0.877429
1575280670.851986 78.224543 -110.857624 8.440646 -0.030079 -0.025972 -0.474763 0.879216
1575280670.955386 78.571193 -111.383457 8.489302 -0.030306 -0.023859 -0.471484 0.881031
1575280671.058736 78.925590 -111.903884 8.535042 -0.032587 -0.023622 -0.467911 0.882859
1575280671.162126 79.294225 -112.432430 8.580500 -0.034720 -0.023942 -0.464572 0.884530
1575280671.265556 79.672996 -112.967058 8.626576 -0.036406 -0.024526 -0.461149 0.886236
1575280671.368886 80.062100 -113.521080 8.669974 -0.037468 -0.024705 -0.457626 0.888011
1575280671.472306 80.467100 -114.082682 8.716805 -0.038600 -0.023691 -0.454092 0.889803
1575280671.575826 80.888012 -114.648986 8.768336 -0.040767 -0.021740 -0.450495 0.891583
1575280671.679216 81.321419 -115.224858 8.826676 -0.040185 -0.020519 -0.446536 0.893627
1575280671.782596 81.763653 -115.807497 8.882465 -0.039582 -0.019712 -0.442327 0.895763
1575280671.885956 82.220880 -116.391935 8.925307 -0.039821 -0.019553 -0.438031 0.897865
1575280671.989186 82.693621 -116.972846 8.972823 -0.041806 -0.018399 -0.433555 0.899969
1575280672.092556 83.178172 -117.565896 9.015406 -0.042001 -0.018758 -0.428992 0.902136
1575280672.196166 83.677219 -118.166264 9.061777 -0.042644 -0.018471 -0.424976 0.904011
1575280672.299476 84.187292 -118.776355 9.104979 -0.042216 -0.017883 -0.421943 0.905462
1575280672.402946 84.706924 -119.393570 9.152677 -0.041560 -0.017641 -0.419802 0.906492
1575280672.509006 85.244076 -120.035485 9.192330 -0.039729 -0.018506 -0.417692 0.907531
1575280672.609966 85.762479 -120.654416 9.235858 -0.037230 -0.019697 -0.415828 0.908467
1575280672.714966 86.309734 -121.308244 9.283060 -0.033195 -0.020383 -0.413767 0.909549
1575280672.818826 86.867254 -121.961247 9.328476 -0.030081 -0.020508 -0.411778 0.910557
1575280672.921686 87.419154 -122.607845 9.373404 -0.026952 -0.020627 -0.409808 0.911540
1575280673.024876 87.991112 -123.256782 9.419259 -0.026576 -0.020202 -0.407801 0.912460
1575280673.127466 88.566471 -123.900431 9.465725 -0.027244 -0.020860 -0.405901 0.913273
1575280673.232966 89.170960 -124.557911 9.513018 -0.030074 -0.020227 -0.403695 0.914176
1575280673.334526 89.763184 -125.193100 9.560678 -0.032492 -0.019066 -0.401890 0.914913
1575280673.437516 90.368544 -125.846892 9.610882 -0.031863 -0.016555 -0.400095 0.915770
1575280673.541026 90.984435 -126.503664 9.656193 -0.031792 -0.013222 -0.397884 0.916790
1575280673.644466 91.603538 -127.161757 9.700689 -0.030244 -0.010234 -0.395764 0.917797
1575280673.747956 92.223296 -127.814997 9.743098 -0.028305 -0.009371 -0.392939 0.919081
1575280673.851306 92.843967 -128.471088 9.783685 -0.026034 -0.011336 -0.390071 0.920347
1575280673.954696 93.464457 -129.116079 9.830862 -0.022288 -0.016530 -0.386802 0.921745
1575280674.059766 94.104374 -129.772186 9.881785 -0.021205 -0.021709 -0.383339 0.923109
1575280674.161466 94.739988 -130.401876 9.934751 -0.020491 -0.023738 -0.379668 0.924591
1575280674.264826 95.396851 -131.046796 9.994513 -0.018731 -0.023070 -0.375898 0.926184
1575280674.368206 96.061889 -131.691803 10.052172 -0.015777 -0.022160 -0.372004 0.927833
1575280674.471716 96.731345 -132.329462 10.101286 -0.014017 -0.023714 -0.368453 0.929238
1575280674.575116 97.406643 -132.962902 10.147590 -0.013701 -0.026477 -0.365338 0.930397
1575280674.678466 98.090235 -133.589945 10.199083 -0.014713 -0.027815 -0.362817 0.931329
1575280674.781976 98.780828 -134.225978 10.256158 -0.013005 -0.026887 -0.360666 0.932217
1575280674.885486 99.471964 -134.862267 10.313226 -0.010759 -0.025688 -0.359024 0.932913
1575280674.990906 100.178815 -135.510591 10.370315 -0.008853 -0.025165 -0.358081 0.933309
1575280675.092376 100.861227 -136.131828 10.420243 -0.006760 -0.024508 -0.357700 0.933490
1575280675.195876 101.560408 -136.763674 10.471097 -0.006535 -0.023786 -0.357509 0.933584
1575280675.299396 102.261550 -137.395501 10.520577 -0.006916 -0.023082 -0.357618 0.933557
1575280675.403726 102.966181 -138.032009 10.571142 -0.007982 -0.023529 -0.357969 0.933403
1575280675.509866 103.681832 -138.679440 10.620616 -0.010144 -0.023728 -0.358887 0.933024
1575280675.611336 104.363966 -139.301053 10.668082 -0.011980 -0.023593 -0.360162 0.932515
1575280675.714016 105.054307 -139.931585 10.718528 -0.013982 -0.022550 -0.361491 0.931998
1575280675.818986 105.753497 -140.578516 10.768276 -0.014731 -0.021738 -0.363132 0.931368
1575280675.922246 106.439306 -141.219255 10.820215 -0.014932 -0.021038 -0.364725 0.930758
1575280676.024776 107.116222 -141.856589 10.867879 -0.014881 -0.019162 -0.366400 0.930141
1575280676.128306 107.788705 -142.502526 10.916245 -0.012872 -0.019026 -0.368262 0.929438
1575280676.230696 108.448141 -143.138055 10.965331 -0.014248 -0.021049 -0.370221 0.928596
1575280676.334246 109.108047 -143.766282 11.013763 -0.018459 -0.024884 -0.372449 0.927535
1575280676.438026 109.767928 -144.405990 11.064375 -0.020442 -0.026792 -0.374625 0.926564
1575280676.542816 110.434112 -145.059956 11.124821 -0.020724 -0.023512 -0.377060 0.925658
1575280676.644696 111.081479 -145.695647 11.183524 -0.020983 -0.020347 -0.379413 0.924766
1575280676.750426 111.740477 -146.353663 11.239111 -0.021280 -0.018931 -0.381729 0.923835
1575280676.851566 112.365187 -146.987412 11.288096 -0.021089 -0.018795 -0.383856 0.922961
1575280676.954936 112.994970 -147.637790 11.337444 -0.020119 -0.019030 -0.385875 0.922135
1575280677.059736 113.626923 -148.300522 11.388470 -0.018763 -0.020619 -0.387802 0.921321
1575280677.162856 114.238118 -148.955957 11.437999 -0.017761 -0.022535 -0.390056 0.920344
1575280677.265226 114.831004 -149.610429 11.485044 -0.017058 -0.024284 -0.392588 0.919236
1575280677.368656 115.427461 -150.278716 11.528340 -0.017280 -0.024501 -0.395120 0.918140
1575280677.472116 116.027134 -150.949262 11.575461 -0.018217 -0.024047 -0.397727 0.917008
1575280677.575896 116.625208 -151.627971 11.622946 -0.018124 -0.023824 -0.400964 0.915605
1575280677.678956 117.214635 -152.303710 11.669441 -0.019538 -0.024039 -0.404415 0.914051
1575280677.782786 117.809399 -152.984157 11.720184 -0.022613 -0.025009 -0.408208 0.912266
1575280677.886016 118.393954 -153.670712 11.771650 -0.024868 -0.027252 -0.411916 0.910475
1575280677.990366 118.985303 -154.374316 11.828811 -0.025281 -0.028071 -0.415809 0.908667
1575280678.092836 119.563863 -155.083982 11.890165 -0.024330 -0.024189 -0.419726 0.907002
1575280678.196206 120.151790 -155.806873 11.957720 -0.024845 -0.017748 -0.423894 0.905197
1575280678.299726 120.726074 -156.538768 12.019197 -0.023179 -0.014839 -0.428254 0.903239
1575280678.403226 121.301737 -157.275880 12.067575 -0.025090 -0.013376 -0.432355 0.901255
1575280678.507236 121.873207 -158.024528 12.114256 -0.024874 -0.014803 -0.436959 0.899015
1575280678.612846 122.438220 -158.795645 12.168635 -0.023600 -0.018050 -0.440685 0.897170
1575280678.714306 122.978756 -159.534470 12.219345 -0.025540 -0.022458 -0.444598 0.895084
1575280678.817166 123.517792 -160.288249 12.278582 -0.024586 -0.025392 -0.448854 0.892906
1575280678.922996 124.073407 -161.081630 12.352550 -0.022659 -0.024089 -0.452935 0.890930
1575280679.024926 124.593904 -161.850384 12.425515 -0.019804 -0.022774 -0.456852 0.889031
1575280679.127626 125.103214 -162.615061 12.490181 -0.019299 -0.023057 -0.460447 0.887178
1575280679.230906 125.615440 -163.384048 12.555221 -0.018795 -0.023347 -0.464055 0.885299
1575280679.334416 126.128574 -164.154554 12.620416 -0.018269 -0.023632 -0.467656 0.883406
1575280679.437816 126.619762 -164.926451 12.685497 -0.015394 -0.022863 -0.470451 0.881996
1575280679.541296 127.108559 -165.685386 12.744261 -0.014304 -0.021262 -0.473113 0.880629
1575280679.644676 127.594484 -166.437443 12.798596 -0.014502 -0.019969 -0.475440 0.879402
1575280679.748176 128.070614 -167.175400 12.855179 -0.015492 -0.021105 -0.477837 0.878058
1575280679.854146 128.545685 -167.930509 12.915413 -0.016306 -0.023232 -0.479832 0.876901
1575280679.956336 128.997961 -168.647351 12.970972 -0.017737 -0.025745 -0.481358 0.875967
1575280680.058436 129.448253 -169.359555 13.028126 -0.019278 -0.025479 -0.483128 0.874966
1575280680.161836 129.901450 -170.076661 13.091334 -0.017813 -0.022868 -0.484564 0.874275
1575280680.265206 130.341450 -170.796347 13.153412 -0.014488 -0.020043 -0.485786 0.873728
1575280680.368596 130.772558 -171.505951 13.210713 -0.011853 -0.019671 -0.487150 0.873017
1575280680.472106 131.194957 -172.205312 13.264119 -0.009796 -0.021963 -0.488515 0.872224
1575280680.575496 131.613049 -172.894851 13.315965 -0.010313 -0.024176 -0.489673 0.871510
1575280680.678876 132.027263 -173.570664 13.372324 -0.012826 -0.026497 -0.490715 0.870823
1575280680.782826 132.438175 -174.238761 13.428344 -0.015965 -0.029687 -0.491815 0.870047
1575280680.888506 132.846817 -174.919360 13.481857 -0.015078 -0.032433 -0.492954 0.869320
1575280680.989156 133.238733 -175.574480 13.535676 -0.013616 -0.028742 -0.494268 0.868727
1575280681.092836 133.652408 -176.238444 13.597352 -0.013551 -0.020465 -0.496027 0.867960
1575280681.196016 134.053084 -176.892575 13.652214 -0.015164 -0.014791 -0.497677 0.867104
1575280681.299536 134.435126 -177.537328 13.695820 -0.015936 -0.015290 -0.498770 0.866453
1575280681.402926 134.800802 -178.178838 13.733326 -0.015881 -0.018622 -0.499937 0.865716
1575280681.506286 135.163680 -178.816421 13.771489 -0.016035 -0.019799 -0.501196 0.864959
1575280681.609806 135.528494 -179.442386 13.816966 -0.015950 -0.019156 -0.502509 0.864213
1575280681.713206 135.887961 -180.059980 13.865299 -0.015910 -0.018121 -0.503888 0.863432
1575280681.816686 136.241073 -180.664760 13.912053 -0.015780 -0.017979 -0.505144 0.862703
1575280681.920526 136.582415 -181.276506 13.954753 -0.015404 -0.018908 -0.506615 0.861828
1575280682.024256 136.916235 -181.875219 13.995838 -0.015680 -0.020136 -0.508525 0.860669
1575280682.126946 137.240052 -182.465756 14.036725 -0.016339 -0.020938 -0.510644 0.859382
1575280682.230456 137.559793 -183.050642 14.076848 -0.016898 -0.021714 -0.512968 0.857967
1575280682.333966 137.872386 -183.630302 14.113330 -0.017788 -0.022662 -0.515469 0.856424
1575280682.437466 138.179045 -184.211257 14.149754 -0.018339 -0.024645 -0.518297 0.854649
1575280682.540856 138.480743 -184.792671 14.186541 -0.018667 -0.026681 -0.521384 0.852701
1575280682.644476 138.784912 -185.384517 14.225743 -0.019923 -0.026796 -0.524513 0.850747
1575280682.748056 139.090333 -185.977670 14.265247 -0.021844 -0.025398 -0.527717 0.848759
1575280682.851376 139.392217 -186.582744 14.309472 -0.023364 -0.024169 -0.530827 0.846814
1575280682.955006 139.687228 -187.196710 14.354509 -0.023803 -0.024255 -0.533826 0.844911
1575280683.058516 139.980779 -187.818403 14.399121 -0.025105 -0.025078 -0.537050 0.842804
1575280683.162016 140.275983 -188.442642 14.444770 -0.027673 -0.025808 -0.540517 0.840482
1575280683.265566 140.569014 -189.075736 14.486441 -0.029443 -0.026384 -0.544005 0.838150
1575280683.369036 140.859610 -189.717291 14.531015 -0.030744 -0.026607 -0.547296 0.835951
1575280683.472436 141.143797 -190.373434 14.584157 -0.031735 -0.027424 -0.550664 0.833673
1575280683.576126 141.428325 -191.043269 14.639416 -0.032760 -0.027390 -0.553972 0.831439
1575280683.679426 141.703041 -191.721798 14.692871 -0.031986 -0.029062 -0.557209 0.829247
1575280683.782936 141.978715 -192.415568 14.749954 -0.031097 -0.029366 -0.560385 0.827127
1575280683.886436 142.256100 -193.121098 14.809053 -0.030067 -0.028470 -0.563754 0.824904
1575280683.989816 142.534079 -193.838753 14.869017 -0.029798 -0.026650 -0.567032 0.822725
1575280684.093326 142.808998 -194.572485 14.927060 -0.028322 -0.024876 -0.570001 0.820779
1575280684.198676 143.082002 -195.336372 14.981992 -0.026147 -0.024666 -0.572566 0.819070
1575280684.300216 143.350588 -196.090430 15.032178 -0.024365 -0.022436 -0.574976 0.817500
1575280684.404196 143.625602 -196.862813 15.083594 -0.022528 -0.020183 -0.577434 0.815877
1575280684.508296 143.892289 -197.649126 15.136065 -0.021027 -0.022076 -0.579520 0.814387
1575280684.612216 144.156080 -198.435893 15.186241 -0.022647 -0.026203 -0.581654 0.812699
1575280684.713996 144.409717 -199.214787 15.232495 -0.024691 -0.033560 -0.583519 0.811030
1575280684.817496 144.667284 -200.021300 15.294465 -0.024763 -0.038590 -0.585232 0.809568
1575280684.920896 144.928006 -200.851952 15.370261 -0.021452 -0.039024 -0.587083 0.808301
1575280685.024956 145.190137 -201.702097 15.449262 -0.016710 -0.038079 -0.589158 0.806947
1575280685.130896 145.458589 -202.570816 15.531750 -0.014403 -0.036553 -0.591242 0.805537
1575280685.233246 145.716116 -203.410094 15.609234 -0.017498 -0.037841 -0.593178 0.803991
1575280685.334906 145.970506 -204.245682 15.678177 -0.021698 -0.039931 -0.595017 0.802427
1575280685.440826 146.235278 -205.128121 15.758700 -0.024161 -0.039822 -0.597105 0.800810
1575280685.541426 146.487181 -205.984107 15.843637 -0.023619 -0.036150 -0.599411 0.799276
1575280685.644806 146.742916 -206.861868 15.932026 -0.023362 -0.033436 -0.601722 0.797663
1575280685.748316 146.992159 -207.741229 16.013772 -0.024281 -0.033496 -0.603977 0.795927
1575280685.851696 147.237657 -208.627674 16.091647 -0.025987 -0.034730 -0.605989 0.794290
1575280685.955076 147.474041 -209.525097 16.173880 -0.025083 -0.036024 -0.607924 0.792781
1575280686.058456 147.711037 -210.430923 16.256096 -0.023648 -0.037097 -0.609611 0.791479
1575280686.161966 147.948401 -211.344419 16.340569 -0.022682 -0.036933 -0.611224 0.790270
1575280686.265736 148.182615 -212.264175 16.422775 -0.021748 -0.037612 -0.612669 0.789144
1575280686.368726 148.416048 -213.184216 16.505726 -0.021364 -0.037121 -0.613802 0.788298
1575280686.472106 148.650882 -214.111747 16.587484 -0.021352 -0.036054 -0.614946 0.787455
1575280686.575496 148.882481 -215.042132 16.669337 -0.020751 -0.035251 -0.615996 0.786687
1575280686.678866 149.117150 -215.970098 16.751446 -0.022301 -0.033493 -0.617060 0.785887
1575280686.782286 149.345855 -216.895921 16.832261 -0.023503 -0.033903 -0.617723 0.785313
1575280686.885526 149.572262 -217.821610 16.913176 -0.024037 -0.034016 -0.618437 0.784730
1575280686.988896 149.793852 -218.748330 16.996436 -0.024152 -0.034401 -0.619247 0.784070
1575280687.092846 150.017209 -219.682658 17.079938 -0.023307 -0.033251 -0.619804 0.783705
1575280687.195746 150.232394 -220.609545 17.160238 -0.021798 -0.033387 -0.620299 0.783352
1575280687.299046 150.448619 -221.535623 17.241832 -0.020172 -0.031897 -0.620983 0.782915
1575280687.403296 150.666705 -222.465550 17.319496 -0.021690 -0.033082 -0.621618 0.782321
1575280687.508476 150.880521 -223.399361 17.398752 -0.023219 -0.034631 -0.622358 0.781621
1575280687.610416 151.087737 -224.304456 17.475314 -0.024732 -0.036186 -0.623061 0.780945
1575280687.713436 151.297699 -225.220771 17.560519 -0.025291 -0.035800 -0.624147 0.780077
1575280687.819566 151.512526 -226.167104 17.648388 -0.024590 -0.033662 -0.625316 0.779258
1575280687.919776 151.709487 -227.062586 17.729466 -0.022472 -0.031310 -0.626587 0.778398
1575280688.024926 151.911597 -227.999625 17.810314 -0.021029 -0.029990 -0.628092 0.777276
1575280688.126796 152.105318 -228.901949 17.884221 -0.021738 -0.029663 -0.629651 0.776007
1575280688.230226 152.297937 -229.815701 17.956033 -0.022272 -0.030279 -0.631303 0.774625
1575280688.333856 152.486198 -230.735134 18.025526 -0.022325 -0.030227 -0.632813 0.773392
1575280688.437286 152.671911 -231.656569 18.094083 -0.022150 -0.029914 -0.634521 0.772009
1575280688.541096 152.855057 -232.587904 18.157674 -0.021559 -0.029654 -0.636111 0.770726
1575280688.644896 153.034443 -233.514433 18.223754 -0.021765 -0.029061 -0.637652 0.769468
1575280688.747716 153.210619 -234.429878 18.287865 -0.022575 -0.028667 -0.639240 0.768141
1575280688.851196 153.384388 -235.349155 18.354048 -0.023646 -0.027956 -0.640771 0.766859
1575280688.955276 153.549922 -236.279080 18.418689 -0.024260 -0.026809 -0.642371 0.765541
1575280689.058036 153.714399 -237.190593 18.487151 -0.026097 -0.025393 -0.643757 0.764363
1575280689.161596 153.876372 -238.101120 18.563589 -0.029173 -0.025269 -0.645111 0.763113
1575280689.265026 154.032523 -239.007106 18.637934 -0.031912 -0.026354 -0.646309 0.761952
1575280689.368486 154.183875 -239.921404 18.714584 -0.033020 -0.026343 -0.647611 0.760799
1575280689.471816 154.330605 -240.837358 18.795382 -0.032690 -0.024669 -0.648920 0.759753
1575280689.575316 154.472637 -241.754073 18.875666 -0.031315 -0.023309 -0.650250 0.758717
1575280689.678686 154.610015 -242.667723 18.952049 -0.030207 -0.022322 -0.651457 0.757755
1575280689.782076 154.743227 -243.574435 19.024666 -0.029447 -0.022382 -0.652744 0.756675
1575280689.885576 154.873027 -244.481974 19.095920 -0.029309 -0.022609 -0.654071 0.755527
1575280689.988976 154.999277 -245.381104 19.167342 -0.030205 -0.023000 -0.655636 0.754122
1575280690.092336 155.117557 -246.275703 19.239772 -0.031194 -0.023724 -0.657420 0.752505
1575280690.195876 155.221259 -247.181415 19.310328 -0.026750 -0.025591 -0.659467 0.750822
1575280690.299236 155.329597 -248.082956 19.383770 -0.024758 -0.023624 -0.661117 0.749502
1575280690.402606 155.436317 -248.979398 19.453415 -0.025154 -0.023836 -0.663188 0.747650
1575280690.506116 155.531129 -249.864449 19.516811 -0.028461 -0.029777 -0.664618 0.746047
1575280690.609516 155.621696 -250.744000 19.581731 -0.032414 -0.035467 -0.666519 0.743938
1575280690.713086 155.713009 -251.635953 19.657665 -0.034211 -0.035535 -0.668589 0.741995
1575280690.816386 155.802779 -252.531954 19.737450 -0.033683 -0.031405 -0.670652 0.740341
1575280690.919906 155.887811 -253.425732 19.819199 -0.032184 -0.027962 -0.672591 0.738785
1575280691.023336 155.964270 -254.315467 19.899370 -0.031528 -0.025855 -0.674570 0.737084
1575280691.126656 156.040056 -255.195872 19.974023 -0.032769 -0.024206 -0.676848 0.734994
1575280691.230176 156.111340 -256.076617 20.045833 -0.033573 -0.021907 -0.679454 0.732622
1575280691.333596 156.177180 -256.958191 20.117319 -0.033400 -0.018893 -0.682152 0.730203
1575280691.437056 156.234112 -257.836165 20.188247 -0.032774 -0.016656 -0.684831 0.727774
1575280691.540436 156.275429 -258.707484 20.251966 -0.032120 -0.018933 -0.687262 0.725452
1575280691.643936 156.315178 -259.577258 20.308603 -0.032841 -0.021016 -0.689559 0.723179
1575280691.747326 156.350396 -260.444667 20.368301 -0.032812 -0.022521 -0.692002 0.720798
1575280691.850766 156.381935 -261.317315 20.432841 -0.032392 -0.021836 -0.694338 0.718588
1575280691.954086 156.410710 -262.190928 20.494100 -0.031638 -0.020243 -0.696611 0.716465
1575280692.057466 156.428271 -263.060267 20.558201 -0.030446 -0.020838 -0.698807 0.714358
1575280692.160916 156.441748 -263.926534 20.618848 -0.030521 -0.022276 -0.700641 0.712513
1575280692.264236 156.454337 -264.786731 20.679283 -0.032027 -0.023396 -0.702268 0.710807
1575280692.367616 156.459294 -265.651191 20.743877 -0.031627 -0.024813 -0.703528 0.709530
1575280692.471006 156.457390 -266.517008 20.811000 -0.029400 -0.026195 -0.704450 0.708660
1575280692.574256 156.456905 -267.382797 20.878747 -0.027853 -0.025929 -0.705153 0.708033
1575280692.677516 156.450244 -268.244821 20.944247 -0.026577 -0.026032 -0.705861 0.707373
1575280692.780896 156.446035 -269.107628 21.010327 -0.025504 -0.026285 -0.706501 0.706764
1575280692.884286 156.440206 -269.965177 21.075257 0.025341 0.027717 0.706847 -0.706369
1575280692.987546 156.436886 -270.819754 21.141175 0.025211 0.028859 0.707053 -0.706121
1575280693.090916 156.429062 -271.670937 21.208726 0.024525 0.030689 0.706898 -0.706223
1575280693.194756 156.424006 -272.516022 21.282876 -0.024185 -0.031694 -0.706539 0.706551
1575280693.300346 156.421162 -273.365355 21.358365 -0.023755 -0.032277 -0.706054 0.707023
1575280693.401166 156.419197 -274.170068 21.430062 -0.022947 -0.032915 -0.705424 0.707649
1575280693.504716 156.420322 -274.986531 21.502359 -0.022189 -0.032859 -0.704588 0.708508
1575280693.607716 156.424885 -275.792844 21.574338 -0.021081 -0.032395 -0.703674 0.709471
1575280693.711676 156.432786 -276.597772 21.643703 -0.019980 -0.031367 -0.702589 0.710624
1575280693.814466 156.445372 -277.381474 21.711198 -0.019224 -0.030108 -0.701392 0.711880
1575280693.917466 156.462095 -278.157711 21.775805 -0.019074 -0.028801 -0.700121 0.713188
1575280694.020856 156.485845 -278.920797 21.838269 -0.020816 -0.027385 -0.698730 0.714558
1575280694.124256 156.511028 -279.673400 21.896613 -0.022174 -0.026954 -0.697342 0.715888
1575280694.227476 156.534889 -280.416437 21.952215 -0.022167 -0.027119 -0.695859 0.717323
1575280694.331816 156.563216 -281.156860 22.011110 -0.021517 -0.025795 -0.694563 0.718647
1575280694.434706 156.597317 -281.875697 22.069368 -0.020987 -0.024039 -0.693422 0.719824
1575280694.539136 156.635768 -282.589770 22.126890 -0.021487 -0.022116 -0.692050 0.721191
1575280694.641566 156.667817 -283.277068 22.175190 -0.021218 -0.023537 -0.690619 0.722524
1575280694.744336 156.706620 -283.951417 22.226983 -0.021790 -0.023896 -0.689216 0.723834
1575280694.847716 156.747362 -284.615125 22.278930 -0.022675 -0.024495 -0.687982 0.724960
1575280694.951136 156.786621 -285.267892 22.328970 -0.023840 -0.025091 -0.686842 0.725983
1575280695.054406 156.830537 -285.907842 22.377070 -0.025185 -0.024027 -0.685679 0.727071
1575280695.157796 156.874653 -286.535082 22.423982 -0.026053 -0.023489 -0.684485 0.728183
1575280695.261746 156.918716 -287.151121 22.473351 -0.026913 -0.023440 -0.683178 0.729379
1575280695.365056 156.963540 -287.753393 22.521289 -0.026631 -0.022353 -0.682091 0.730440
1575280695.470436 157.006953 -288.353654 22.567204 -0.027472 -0.023035 -0.680753 0.731636
1575280695.571536 157.054687 -288.918056 22.611499 -0.029444 -0.022889 -0.679720 0.732523
1575280695.674896 157.103429 -289.493358 22.661451 -0.029927 -0.022249 -0.678771 0.733402
1575280695.778266 157.149189 -290.054548 22.705737 -0.030038 -0.021558 -0.677541 0.734555
1575280695.881676 157.193684 -290.605539 22.745870 -0.030483 -0.021262 -0.676438 0.735561
1575280695.985046 157.238755 -291.144620 22.784005 -0.030534 -0.021240 -0.675355 0.736554
1575280696.088526 157.286036 -291.674106 22.820377 -0.031377 -0.021552 -0.674202 0.737565
1575280696.191866 157.333477 -292.195218 22.855213 -0.031839 -0.021519 -0.673249 0.738417
1575280696.295266 157.379429 -292.706398 22.889201 -0.031822 -0.022367 -0.672328 0.739231
1575280696.398676 157.426534 -293.205891 22.927758 -0.032744 -0.022622 -0.671490 0.739944
1575280696.502776 157.474907 -293.700286 22.965466 -0.033440 -0.022753 -0.670882 0.740461
1575280696.605596 157.520687 -294.185374 23.004224 -0.034184 -0.023084 -0.670316 0.740928
1575280696.709066 157.569661 -294.672989 23.045239 -0.034772 -0.023361 -0.669922 0.741248
1575280696.812436 157.618800 -295.158434 23.087959 -0.034678 -0.023862 -0.669887 0.741269
1575280696.915936 157.668590 -295.651269 23.131255 -0.035031 -0.023851 -0.670083 0.741075
1575280697.019376 157.720498 -296.149022 23.171944 -0.035336 -0.022987 -0.670443 0.740763
1575280697.122826 157.771385 -296.651487 23.212602 -0.035156 -0.022297 -0.670988 0.740298
1575280697.226256 157.817140 -297.159572 23.254690 -0.034814 -0.023195 -0.671714 0.739628
1575280697.329686 157.860791 -297.670767 23.299871 -0.035028 -0.025469 -0.672427 0.738895
1575280697.433246 157.899105 -298.191502 23.346927 -0.034405 -0.028577 -0.673032 0.738260
1575280697.536636 157.940892 -298.719286 23.389118 -0.035259 -0.031515 -0.673850 0.737353
1575280697.640206 157.988258 -299.263013 23.428690 -0.036842 -0.032465 -0.674698 0.736458
1575280697.743646 158.032137 -299.818465 23.474228 -0.036849 -0.032526 -0.675485 0.735733
1575280697.847156 158.068622 -300.385614 23.533826 -0.034310 -0.033072 -0.676174 0.735199
1575280697.950526 158.097818 -300.967047 23.595032 -0.029131 -0.034048 -0.676737 0.734860
1575280698.054076 158.139206 -301.553137 23.652043 -0.028667 -0.034435 -0.677512 0.734146
1575280698.157566 158.193164 -302.144015 23.707058 -0.031451 -0.034089 -0.678539 0.733099
1575280698.260876 158.244741 -302.744834 23.764694 -0.032980 -0.033644 -0.679238 0.732405
1575280698.364416 158.282654 -303.365449 23.823035 -0.030524 -0.034761 -0.679712 0.732019
1575280698.467826 158.318571 -303.995116 23.881458 -0.028532 -0.036233 -0.680165 0.731607
1575280698.571336 158.360305 -304.638361 23.940106 -0.028102 -0.036181 -0.680831 0.731006
1575280698.674776 158.409868 -305.290594 23.999455 -0.029936 -0.035404 -0.681723 0.730140
1575280698.778166 158.456956 -305.953544 24.056761 -0.031213 -0.034791 -0.682434 0.729451
1575280698.881656 158.497861 -306.624837 24.111335 -0.032754 -0.036347 -0.682902 0.728869
1575280698.985096 158.534833 -307.308440 24.174423 -0.032929 -0.037263 -0.683552 0.728206
1575280699.088516 158.583027 -308.008786 24.241054 -0.033848 -0.035531 -0.684204 0.727638
1575280699.191876 158.631424 -308.708435 24.307583 -0.034764 -0.033749 -0.684849 0.727073
1575280699.295186 158.675621 -309.418377 24.375641 -0.035607 -0.034162 -0.685597 0.726307
1575280699.398756 158.711892 -310.136567 24.446454 -0.035894 -0.036843 -0.686098 0.725688
1575280699.502126 158.748689 -310.859762 24.516156 -0.037546 -0.039680 -0.686580 0.724999
1575280699.605646 158.788807 -311.596071 24.587338 -0.038977 -0.041132 -0.687007 0.724438
1575280699.708876 158.820517 -312.345552 24.666942 -0.036520 -0.041632 -0.687287 0.724272
1575280699.812296 158.850401 -313.105031 24.751808 -0.032651 -0.041070 -0.687693 0.724103
1575280699.915596 158.881825 -313.871524 24.833523 -0.030739 -0.041180 -0.688181 0.723717
1575280700.019086 158.915108 -314.643333 24.912723 -0.030393 -0.042409 -0.688605 0.723257
1575280700.122426 158.950265 -315.421500 24.990248 -0.030837 -0.043343 -0.688847 0.722953
1575280700.225806 158.985032 -316.209321 25.068474 -0.030728 -0.044098 -0.689031 0.722736
1575280700.329186 159.021016 -317.006970 25.151164 -0.030257 -0.043901 -0.689005 0.722793
1575280700.432556 159.057860 -317.814287 25.235988 -0.029410 -0.043480 -0.688722 0.723123
1575280700.535796 159.096562 -318.624765 25.320398 -0.028884 -0.043369 -0.688360 0.723495
1575280700.639186 159.138953 -319.450544 25.402510 -0.028401 -0.042854 -0.687912 0.723971
1575280700.742486 159.181251 -320.275422 25.484541 -0.027928 -0.042330 -0.687470 0.724440
1575280700.845816 159.225271 -321.113722 25.567690 -0.027041 -0.042275 -0.686764 0.725146
1575280700.949096 159.270055 -321.958929 25.651157 -0.026033 -0.042323 -0.686038 0.725867
1575280701.052496 159.318646 -322.810973 25.733227 -0.025712 -0.042442 -0.685350 0.726521
1575280701.155766 159.367806 -323.668393 25.814966 -0.025412 -0.043111 -0.684393 0.727394
1575280701.259026 159.419262 -324.535192 25.896990 -0.024486 -0.043285 -0.683337 0.728407
1575280701.362336 159.475409 -325.414509 25.981244 -0.023577 -0.043553 -0.682301 0.729392
1575280701.465646 159.531556 -326.293829 26.065513 -0.022679 -0.043820 -0.681262 0.730375
1575280701.568916 159.590625 -327.180483 26.149695 -0.022682 -0.044269 -0.680150 0.731383
1575280701.672226 159.649655 -328.075647 26.235511 -0.022577 -0.045031 -0.679045 0.732367
1575280701.775496 159.714191 -328.971698 26.321441 -0.023149 -0.045266 -0.677951 0.733347
1575280701.878746 159.787342 -329.872394 26.412301 -0.024492 -0.044718 -0.676917 0.734291
1575280701.982036 159.860091 -330.774397 26.504085 -0.025431 -0.044618 -0.675978 0.735130
1575280702.085376 159.935984 -331.683426 26.596483 -0.026399 -0.043991 -0.675191 0.735857
1575280702.188636 160.012679 -332.594061 26.690720 -0.025964 -0.043260 -0.674598 0.736459
1575280702.291966 160.092376 -333.506754 26.786493 -0.025029 -0.042461 -0.673951 0.737130
1575280702.395206 160.176424 -334.421267 26.884000 -0.024099 -0.041419 -0.673506 0.737627
1575280702.498576 160.258591 -335.337183 26.976612 -0.023731 -0.042173 -0.673103 0.737964
1575280702.601796 160.342872 -336.250833 27.066143 -0.023683 -0.043059 -0.672781 0.738208
1575280702.705246 160.426779 -337.168326 27.156259 -0.023814 -0.043028 -0.672532 0.738432
1575280702.808546 160.515642 -338.081845 27.250274 -0.024027 -0.041160 -0.672513 0.738549
1575280702.911816 160.599906 -338.993257 27.344201 -0.024327 -0.039361 -0.672487 0.738661
1575280703.015246 160.682185 -339.902189 27.435036 -0.025357 -0.039296 -0.672365 0.738741
1575280703.118596 160.762325 -340.805330 27.527733 -0.025974 -0.039821 -0.672325 0.738728
1575280703.221996 160.844626 -341.710231 27.619880 -0.026174 -0.039766 -0.672223 0.738817
1575280703.325296 160.920944 -342.615118 27.713342 -0.026920 -0.039479 -0.672208 0.738819
1575280703.428676 160.997548 -343.520498 27.804442 -0.026898 -0.039805 -0.672160 0.738846
1575280703.531916 161.074366 -344.424588 27.893170 -0.026953 -0.039541 -0.672032 0.738974
1575280703.635306 161.151508 -345.329643 27.984835 -0.026203 -0.039550 -0.671970 0.739057
1575280703.738496 161.232945 -346.226527 28.075570 -0.026675 -0.039236 -0.671842 0.739174
1575280703.841816 161.312499 -347.120568 28.166433 -0.027872 -0.040502 -0.671789 0.739109
1575280703.945176 161.394786 -348.014754 28.255842 -0.026858 -0.041979 -0.671383 0.739433
1575280704.048466 161.476377 -348.912524 28.347771 -0.024884 -0.041821 -0.670992 0.739866
1575280704.151716 161.557199 -349.813058 28.438307 -0.023338 -0.041910 -0.670319 0.740521
1575280704.254896 161.635999 -350.705736 28.524095 -0.022968 -0.044700 -0.669231 0.741353
1575280704.358166 161.714897 -351.599022 28.609956 -0.022591 -0.047490 -0.668130 0.742184
1575280704.461426 161.793696 -352.492308 28.695633 -0.022230 -0.050354 -0.667019 0.743005
1575280704.564816 161.877562 -353.389467 28.787534 -0.021033 -0.050593 -0.665846 0.744075
1575280704.668056 161.961136 -354.285134 28.879147 -0.020777 -0.051471 -0.664608 0.745128
1575280704.771446 162.042746 -355.183031 28.964936 -0.020884 -0.052096 -0.663404 0.746154
1575280704.874766 162.132307 -356.079816 29.050140 -0.021226 -0.052720 -0.662093 0.747263
1575280704.978076 162.226349 -356.981298 29.137401 -0.019786 -0.050699 -0.660669 0.748702
1575280705.081336 162.330962 -357.879977 29.228487 -0.019436 -0.048514 -0.659097 0.750240
1575280705.184586 162.430783 -358.782070 29.309931 -0.019654 -0.047630 -0.657286 0.751878
1575280705.287966 162.530797 -359.685371 29.391435 -0.019877 -0.046745 -0.655460 0.753520
1575280705.391276 162.632767 -360.594183 29.471022 -0.020094 -0.045843 -0.653397 0.755359
1575280705.494566 162.745562 -361.497302 29.552352 -0.020514 -0.045578 -0.651001 0.757430
1575280705.597906 162.869722 -362.397847 29.636025 -0.021470 -0.045450 -0.648248 0.759769
1575280705.701166 163.005163 -363.295578 29.720465 -0.022482 -0.045285 -0.644897 0.762595
1575280705.804426 163.140607 -364.193329 29.804905 -0.023498 -0.045129 -0.641535 0.765405
1575280705.907676 163.286976 -365.088794 29.892117 -0.024130 -0.044945 -0.637852 0.768467
1575280706.011076 163.445475 -365.982110 29.980369 -0.024556 -0.044548 -0.634214 0.771482
1575280706.114326 163.616762 -366.870048 30.069653 -0.025127 -0.044174 -0.630536 0.774495
1575280706.217566 163.804977 -367.757332 30.162320 -0.025628 -0.043500 -0.627051 0.777340
1575280706.320926 164.000083 -368.632322 30.256683 -0.025939 -0.043094 -0.623754 0.780001
1575280706.424336 164.208646 -369.509896 30.346621 -0.026435 -0.042419 -0.620986 0.782226
1575280706.527566 164.421481 -370.383069 30.433970 -0.026866 -0.042212 -0.618620 0.784095
1575280706.630916 164.639534 -371.255679 30.521159 -0.027530 -0.042096 -0.616541 0.785714
1575280706.734296 164.857476 -372.130137 30.610504 -0.027608 -0.041793 -0.614675 0.787189
1575280706.837676 165.078483 -373.002625 30.704529 -0.027972 -0.041567 -0.612795 0.788652
1575280706.941056 165.299710 -373.881414 30.797013 -0.027859 -0.041553 -0.610996 0.790051
1575280707.044336 165.526728 -374.760571 30.888271 -0.027976 -0.041775 -0.609156 0.791455
1575280707.147696 165.760321 -375.641857 30.981249 -0.027979 -0.041665 -0.607426 0.792789
1575280707.250946 165.998408 -376.520648 31.076220 -0.027511 -0.041089 -0.605572 0.794253
1575280707.354336 166.244060 -377.401654 31.173395 -0.027433 -0.040078 -0.603744 0.795698
1575280707.457596 166.493407 -378.276197 31.267597 -0.026494 -0.039373 -0.601848 0.797200
1575280707.560976 166.753608 -379.143313 31.361162 -0.025858 -0.038609 -0.599971 0.798671
1575280707.664226 167.016000 -379.997446 31.454318 -0.025856 -0.038149 -0.598176 0.800038
1575280707.767586 167.278690 -380.852182 31.547611 -0.025902 -0.037719 -0.596371 0.801404
1575280707.870756 167.540912 -381.697555 31.639946 -0.027619 -0.038462 -0.594375 0.802792
1575280707.974006 167.815496 -382.532455 31.735409 -0.029424 -0.038900 -0.592471 0.804114
1575280708.077256 168.086972 -383.372446 31.828163 -0.029915 -0.038521 -0.590726 0.805397
1575280708.180546 168.362992 -384.211961 31.921675 -0.029294 -0.035978 -0.589387 0.806517
1575280708.283816 168.643203 -385.042255 32.017265 -0.029519 -0.033500 -0.588416 0.807325
1575280708.387196 168.925156 -385.865973 32.111601 -0.031419 -0.032272 -0.587742 0.807794
1575280708.490486 169.203443 -386.679824 32.199552 -0.033671 -0.033551 -0.587304 0.807970
1575280708.593846 169.481830 -387.494180 32.287495 -0.035935 -0.034848 -0.586864 0.808136
1575280708.697186 169.764740 -388.306765 32.380723 -0.036600 -0.034208 -0.586649 0.808290
1575280708.800416 170.045568 -389.113220 32.475328 -0.036228 -0.031244 -0.586615 0.808452
1575280708.903786 170.326799 -389.921084 32.570060 -0.035855 -0.028260 -0.586569 0.808611
1575280709.006956 170.601271 -390.714400 32.661023 -0.035683 -0.026986 -0.586581 0.808654
1575280709.110256 170.873369 -391.504961 32.745785 -0.035406 -0.027092 -0.586739 0.808548
1575280709.213616 171.142418 -392.292528 32.829070 -0.035668 -0.027661 -0.586950 0.808364
1575280709.316916 171.407779 -393.080797 32.910891 -0.036022 -0.027977 -0.587109 0.808222
1575280709.420096 171.665823 -393.882759 32.985756 -0.032717 -0.028781 -0.587348 0.808161
1575280709.523546 171.922287 -394.683507 33.061618 -0.031999 -0.028751 -0.587347 0.808191
1575280709.626796 172.186286 -395.472861 33.139117 -0.032767 -0.029261 -0.587622 0.807942
1575280709.730106 172.440354 -396.259177 33.211740 -0.033785 -0.032311 -0.587622 0.807784
1575280709.833316 172.696779 -397.048708 33.291364 -0.034636 -0.035372 -0.587519 0.807694
1575280709.936676 172.963755 -397.850895 33.376592 -0.034642 -0.033376 -0.587956 0.807461
1575280710.039886 173.230947 -398.657723 33.462930 -0.033454 -0.032159 -0.588068 0.807479
1575280710.143276 173.501235 -399.466417 33.553498 -0.033795 -0.031994 -0.588187 0.807385
1575280710.246536 173.771825 -400.278663 33.641587 -0.034270 -0.032546 -0.588191 0.807340
1575280710.351846 174.042785 -401.116040 33.725778 -0.034584 -0.034761 -0.588011 0.807365
1575280710.453176 174.307355 -401.931863 33.808101 -0.034717 -0.035448 -0.587950 0.807374
1575280710.560196 174.594519 -402.801800 33.900898 -0.034188 -0.034755 -0.587945 0.807431
1575280710.659666 174.864583 -403.617011 33.992491 -0.032980 -0.033887 -0.587839 0.807595
1575280710.762946 175.144632 -404.464676 34.089710 -0.032039 -0.034892 -0.587693 0.807696
1575280710.866316 175.421525 -405.317805 34.181490 -0.030675 -0.036852 -0.587391 0.807882
1575280710.970506 175.702292 -406.179597 34.278112 -0.029385 -0.038506 -0.587072 0.808084
1575280711.072836 175.981113 -407.033595 34.371925 -0.027750 -0.038474 -0.586627 0.808467
1575280711.176126 176.257076 -407.892953 34.465352 -0.025634 -0.040868 -0.585976 0.808891
1575280711.279496 176.540555 -408.749008 34.555992 -0.023802 -0.041884 -0.585407 0.809307
1575280711.382746 176.832655 -409.606435 34.642464 -0.023639 -0.039873 -0.585315 0.809480
1575280711.486156 177.131112 -410.466698 34.727185 -0.022633 -0.035979 -0.585299 0.809703
1575280711.589366 177.416111 -411.324413 34.807757 -0.021665 -0.035547 -0.584931 0.810014
1575280711.692686 177.698988 -412.181068 34.885093 -0.021528 -0.035489 -0.584730 0.810166
1575280711.795876 177.973905 -413.032542 34.962834 -0.022409 -0.037256 -0.584547 0.810195
1575280711.899306 178.243490 -413.890127 35.037035 -0.022436 -0.038518 -0.584141 0.810428
1575280712.003026 178.516215 -414.748446 35.120292 -0.021335 -0.038691 -0.583796 0.810697
1575280712.105836 178.786345 -415.593417 35.202255 -0.019753 -0.038031 -0.583551 0.810945
1575280712.209146 179.056659 -416.435286 35.280067 -0.019540 -0.037358 -0.583506 0.811014
1575280712.312436 179.328024 -417.260629 35.358148 -0.020195 -0.037018 -0.583634 0.810921
1575280712.415886 179.599229 -418.080692 35.436589 -0.020486 -0.036954 -0.583758 0.810828
1575280712.519056 179.863025 -418.891464 35.512650 -0.019210 -0.036524 -0.583981 0.810718
1575280712.622826 180.121841 -419.704453 35.583556 -0.018139 -0.035670 -0.584382 0.810492
1575280712.725756 180.374952 -420.496769 35.653188 -0.017689 -0.034770 -0.584827 0.810219
1575280712.829156 180.623319 -421.282083 35.720394 -0.017261 -0.035056 -0.585317 0.809863
1575280712.932386 180.864143 -422.056557 35.782973 -0.017181 -0.036541 -0.585778 0.809465
1575280713.035776 181.104651 -422.820956 35.845549 -0.018815 -0.038227 -0.586328 0.808952
1575280713.139096 181.346798 -423.571538 35.916794 -0.020755 -0.039740 -0.586862 0.808445
1575280713.242546 181.589253 -424.323321 35.987990 -0.022744 -0.041281 -0.587398 0.807925
1575280713.345656 181.827195 -425.069502 36.064013 -0.022888 -0.041633 -0.587775 0.807628
1575280713.449006 182.065494 -425.813681 36.143523 -0.021892 -0.039479 -0.588451 0.807272
1575280713.552626 182.300985 -426.556006 36.219970 -0.020475 -0.037308 -0.588956 0.807044
1575280713.656136 182.527786 -427.292724 36.287674 -0.019486 -0.037435 -0.589257 0.806843
1575280713.759086 182.750761 -428.018732 36.352751 -0.019088 -0.038374 -0.589503 0.806628
1575280713.862286 182.976399 -428.741591 36.418347 -0.019748 -0.039339 -0.589569 0.806518
1575280713.966136 183.202133 -429.468108 36.484117 -0.020056 -0.039869 -0.589622 0.806445
1575280714.069706 183.427353 -430.191681 36.548196 -0.019491 -0.040637 -0.589611 0.806429
1575280714.172426 183.652806 -430.909970 36.607446 -0.019411 -0.041530 -0.589526 0.806447
1575280714.277746 183.884724 -431.647443 36.664487 -0.019319 -0.041769 -0.589581 0.806397
1575280714.379066 184.111264 -432.357555 36.715084 -0.020421 -0.042523 -0.589480 0.806404
1575280714.482426 184.344122 -433.083846 36.770007 -0.020047 -0.042760 -0.589445 0.806427
1575280714.586166 184.574055 -433.816514 36.834827 -0.019687 -0.042134 -0.589276 0.806592
1575280714.690096 184.803965 -434.551461 36.900538 -0.018816 -0.041874 -0.588884 0.806913
1575280714.794516 185.033703 -435.285745 36.965245 -0.018170 -0.041179 -0.588287 0.807398
1575280714.897436 185.261852 -436.003869 37.031742 -0.017368 -0.040632 -0.587619 0.807930
1575280714.999356 185.488681 -436.703703 37.102208 -0.016990 -0.040085 -0.586934 0.808463
1575280715.103506 185.721169 -437.406278 37.175172 -0.017757 -0.039839 -0.586115 0.809053
1575280715.207876 185.956512 -438.099167 37.251890 -0.018633 -0.039844 -0.585304 0.809620
1575280715.310286 186.182516 -438.770836 37.322081 -0.018992 -0.040083 -0.584424 0.810235
1575280715.412596 186.409200 -439.432265 37.395827 -0.019325 -0.039563 -0.583638 0.810819
1575280715.516136 186.633868 -440.091387 37.469777 -0.019401 -0.038582 -0.583116 0.811240
1575280715.620086 186.856627 -440.745165 37.539247 -0.019366 -0.037477 -0.582660 0.811621
1575280715.722846 187.067477 -441.374803 37.600954 -0.019445 -0.037382 -0.582180 0.811968
1575280715.826006 187.279123 -442.006745 37.662905 -0.019522 -0.037288 -0.581698 0.812315
1575280715.932546 187.493609 -442.642226 37.728135 -0.019347 -0.037430 -0.581235 0.812644
1575280716.032856 187.691907 -443.230368 37.786665 -0.019011 -0.037533 -0.580708 0.813024
1575280716.136156 187.894504 -443.829177 37.840746 -0.018358 -0.037890 -0.580175 0.813403
1575280716.242216 188.098982 -444.431554 37.897560 -0.018547 -0.037944 -0.579668 0.813758
1575280716.343246 188.291906 -444.991821 37.955230 -0.018972 -0.037804 -0.579202 0.814086
1575280716.449646 188.492303 -445.570826 38.015317 -0.019270 -0.037630 -0.578738 0.814417
1575280716.549556 188.677229 -446.104888 38.070929 -0.019358 -0.037623 -0.578306 0.814722
1575280716.652946 188.864896 -446.648623 38.124592 -0.019433 -0.037618 -0.577905 0.815005
1575280716.756326 189.049930 -447.179722 38.174766 -0.019664 -0.036932 -0.577604 0.815244
1575280716.859706 189.232877 -447.701758 38.227174 -0.019761 -0.036034 -0.577351 0.815461
1575280716.963056 189.411865 -448.215390 38.277883 -0.019672 -0.035417 -0.577037 0.815713
1575280717.066336 189.586758 -448.715804 38.328625 -0.019237 -0.035675 -0.576736 0.815925
1575280717.170376 189.758870 -449.208033 38.378947 -0.019420 -0.036391 -0.576442 0.816097
1575280717.273226 189.926976 -449.677376 38.432297 -0.020766 -0.037180 -0.576210 0.816191
1575280717.376606 190.094271 -450.141725 38.484393 -0.022115 -0.037854 -0.575928 0.816324
1575280717.480936 190.259210 -450.600961 38.536298 -0.022773 -0.038629 -0.575496 0.816574
1575280717.583436 190.413354 -451.044003 38.583718 -0.022414 -0.039653 -0.575160 0.816772
1575280717.686766 190.564350 -451.481014 38.626965 -0.022022 -0.040064 -0.574924 0.816929
1575280717.790146 190.714071 -451.905073 38.671141 -0.021632 -0.039310 -0.575228 0.816762
1575280717.893516 190.861912 -452.318356 38.714255 -0.021777 -0.038072 -0.575732 0.816461
1575280717.998866 191.003893 -452.725628 38.758780 -0.021608 -0.037591 -0.576300 0.816087
1575280718.100466 191.135248 -453.105186 38.802175 -0.021393 -0.037346 -0.576852 0.815714
1575280718.203796 191.266244 -453.477956 38.846331 -0.021125 -0.037311 -0.577356 0.815366
1575280718.307236 191.392676 -453.840783 38.885112 -0.021135 -0.036990 -0.577761 0.815094
1575280718.410626 191.514852 -454.187059 38.926131 -0.020730 -0.036797 -0.578186 0.814811
1575280718.514026 191.637129 -454.533434 38.967131 -0.020325 -0.036604 -0.578612 0.814528
1575280718.617416 191.753492 -454.862918 39.009423 -0.019899 -0.036501 -0.579054 0.814228
1575280718.720936 191.871046 -455.179162 39.051817 -0.020045 -0.036077 -0.579530 0.813905
1575280718.824236 191.984209 -455.486007 39.086008 -0.020598 -0.035433 -0.579964 0.813611
1575280718.927646 192.088951 -455.785741 39.118426 -0.020986 -0.034996 -0.580383 0.813320
1575280719.031016 192.186435 -456.078487 39.142971 -0.020835 -0.035172 -0.580892 0.812953
1575280719.134406 192.283071 -456.359070 39.171625 -0.020691 -0.035861 -0.581303 0.812633
1575280719.237676 192.375760 -456.638310 39.195742 -0.020838 -0.036669 -0.581546 0.812420
1575280719.341036 192.472322 -456.913411 39.220231 -0.020926 -0.036906 -0.581686 0.812306
1575280719.444396 192.570151 -457.183438 39.248355 -0.020991 -0.036455 -0.581595 0.812390
1575280719.547816 192.667555 -457.453172 39.276461 -0.021081 -0.036004 -0.581462 0.812503
1575280719.651116 192.762389 -457.719149 39.303906 -0.021337 -0.035556 -0.581035 0.812822
1575280719.754396 192.856167 -457.982443 39.331795 -0.021751 -0.035045 -0.580498 0.813216
1575280719.857656 192.951249 -458.244907 39.352774 -0.022273 -0.034641 -0.579699 0.813789
1575280719.961066 193.045706 -458.508166 39.372860 -0.022407 -0.034636 -0.578477 0.814655
1575280720.064306 193.144305 -458.769984 39.393947 -0.022326 -0.034878 -0.576613 0.815967
1575280720.167646 193.246458 -459.033507 39.419510 -0.022172 -0.035037 -0.574111 0.817727
1575280720.270736 193.355269 -459.294575 39.446621 -0.022685 -0.035149 -0.570834 0.819999
1575280720.374856 193.470868 -459.567445 39.472526 -0.023509 -0.035022 -0.566629 0.822893
1575280720.477056 193.587478 -459.838041 39.498771 -0.024124 -0.035243 -0.562010 0.826027
1575280720.580456 193.707524 -460.111791 39.527249 -0.024118 -0.035671 -0.556748 0.829565
1575280720.683516 193.838002 -460.393138 39.553833 -0.024714 -0.035395 -0.550293 0.833855
1575280720.787036 193.981050 -460.677492 39.580835 -0.026087 -0.035221 -0.542975 0.838604
1575280720.889906 194.130051 -460.964473 39.603907 -0.027662 -0.034887 -0.534857 0.843768
1575280720.993076 194.276771 -461.241140 39.626682 -0.028439 -0.035697 -0.526068 0.849217
1575280721.096256 194.431216 -461.523653 39.651555 -0.029590 -0.036652 -0.517019 0.854677
1575280721.199526 194.591080 -461.802582 39.680512 -0.030189 -0.037279 -0.507589 0.860263
1575280721.302666 194.755397 -462.062232 39.707438 -0.032617 -0.036526 -0.497961 0.865816
1575280721.406056 194.924307 -462.320257 39.726081 -0.035140 -0.036956 -0.490737 0.869814
1575280721.509426 195.092541 -462.571921 39.744135 -0.038675 -0.036112 -0.488286 0.871078
1575280721.613066 195.251187 -462.818097 39.764641 -0.039892 -0.035703 -0.488657 0.870832
1575280721.716696 195.397332 -463.061288 39.783581 -0.040566 -0.035525 -0.490934 0.869526
1575280721.820326 195.530755 -463.295772 39.803794 -0.040594 -0.035572 -0.495665 0.866835
1575280721.923926 195.655115 -463.533960 39.813540 -0.039579 -0.036349 -0.502263 0.863044
1575280722.027566 195.756196 -463.742619 39.817772 -0.038111 -0.037415 -0.509353 0.858899
1575280722.131166 195.874300 -464.006674 39.835432 -0.036313 -0.038507 -0.518228 0.853603
1575280722.234916 195.980827 -464.252655 39.851496 -0.035429 -0.038867 -0.527777 0.847753
1575280722.338486 196.083465 -464.503315 39.863260 -0.035147 -0.038898 -0.537486 0.841641
1575280722.442056 196.179689 -464.750216 39.874710 -0.035038 -0.038519 -0.547087 0.835455
1575280722.545766 196.278662 -465.014983 39.894156 -0.034334 -0.038300 -0.556185 0.829465
1575280722.649086 196.376448 -465.282352 39.919791 -0.032699 -0.039220 -0.564412 0.823912
1575280722.752466 196.464335 -465.544136 39.944666 -0.030675 -0.040480 -0.571663 0.818915
1575280722.855846 196.550894 -465.815672 39.977293 -0.029430 -0.041153 -0.578270 0.814275
1575280722.962356 196.636901 -466.088211 40.006172 -0.029536 -0.040703 -0.584208 0.810045
1575280723.063076 196.710042 -466.349744 40.035125 -0.028635 -0.040089 -0.588413 0.807058
1575280723.170426 196.782666 -466.613076 40.070719 -0.027171 -0.039182 -0.592401 0.804231
1575280723.270136 196.849473 -466.852737 40.101374 -0.026415 -0.039112 -0.595063 0.802292
1575280723.372646 196.916105 -467.091468 40.129342 -0.026065 -0.039606 -0.595910 0.801650
1575280723.480026 196.984739 -467.330679 40.148890 -0.026156 -0.039925 -0.594729 0.802508
1575280723.581796 197.049358 -467.549775 40.168838 -0.025428 -0.040255 -0.591963 0.804558
1575280723.681806 197.113150 -467.758800 40.189895 -0.024390 -0.040601 -0.587821 0.807603
1575280723.788246 197.183109 -467.965159 40.213993 -0.024677 -0.039897 -0.582581 0.811418
1575280723.892966 197.257095 -468.148556 40.240088 -0.027102 -0.038706 -0.576729 0.815568
1575280723.992296 197.323448 -468.312331 40.270721 -0.029312 -0.037912 -0.570924 0.819603
1575280724.094086 197.394768 -468.476528 40.290166 -0.030349 -0.036728 -0.564761 0.823878
1575280724.198846 197.461633 -468.639864 40.310099 -0.030260 -0.035436 -0.558250 0.828363
1575280724.301826 197.505264 -468.779092 40.326447 -0.028139 -0.037750 -0.551493 0.832850
1575280724.403666 197.547881 -468.916180 40.342861 -0.025977 -0.039979 -0.544777 0.837224
1575280724.506576 197.592483 -469.038953 40.354642 -0.025525 -0.043790 -0.537358 0.841830
1575280724.611566 197.652401 -469.149095 40.364950 -0.027072 -0.044203 -0.530145 0.846321
1575280724.713096 197.714628 -469.253236 40.372064 -0.030111 -0.041446 -0.523720 0.850349
1575280724.819776 197.777268 -469.364353 40.376175 -0.031975 -0.038994 -0.517018 0.854488
1575280724.919806 197.824828 -469.461272 40.378637 -0.032485 -0.037910 -0.510963 0.858152
1575280725.022996 197.868671 -469.550755 40.386930 -0.032241 -0.037670 -0.505140 0.861612
1575280725.126236 197.917730 -469.638959 40.392994 -0.032267 -0.037474 -0.499209 0.865069
1575280725.229606 197.960838 -469.723646 40.395799 -0.032358 -0.037428 -0.493617 0.868271
1575280725.333016 198.001275 -469.803563 40.392858 -0.031898 -0.037256 -0.488325 0.871283
1575280725.436256 198.036506 -469.879903 40.401707 -0.031121 -0.036804 -0.483555 0.873986
1575280725.539766 198.075152 -469.944253 40.414919 -0.031959 -0.036081 -0.479731 0.876091
1575280725.643146 198.119610 -469.991788 40.423218 -0.035129 -0.034925 -0.475815 0.878149
1575280725.748356 198.168336 -470.032765 40.427838 -0.039863 -0.033743 -0.470964 0.880605
1575280725.849926 198.209201 -470.070209 40.430010 -0.042975 -0.033110 -0.467749 0.882195
1575280725.955116 198.243523 -470.113487 40.435694 -0.042665 -0.032803 -0.465182 0.883578
1575280726.056656 198.268594 -470.162843 40.438947 -0.039877 -0.032789 -0.461846 0.885456
1575280726.160176 198.296232 -470.209572 40.445020 -0.037188 -0.032795 -0.459249 0.886923
1575280726.263556 198.326922 -470.246757 40.454565 -0.036586 -0.032254 -0.457229 0.888011
1575280726.366976 198.359572 -470.274570 40.466923 -0.038241 -0.031076 -0.454380 0.889444
1575280726.472406 198.392545 -470.299385 40.469855 -0.040614 -0.030020 -0.451890 0.890643
1575280726.574316 198.422142 -470.324947 40.471785 -0.042460 -0.029480 -0.450185 0.891438
