1575280968.014467 0.000000 -0.000000 0.000000 0.000000 -0.000000 0.000000 1.000000
1575280968.118966 1.199166 0.011449 0.020477 -0.000358 -0.000067 0.000345 1.000000
1575280968.222261 2.384515 0.022766 0.040719 -0.000711 -0.000134 0.000687 1.000000
1575280968.326101 3.576130 0.034143 0.061066 -0.001067 -0.000201 0.001030 0.999999
1575280968.429961 4.767960 0.045522 0.081418 -0.001422 -0.000268 0.001373 0.999998
1575280968.534111 5.963120 0.056933 0.101826 -0.001778 -0.000336 0.001717 0.999997
1575280968.637868 7.153774 0.068302 0.122156 -0.002133 -0.000403 0.002059 0.999996
1575280968.741813 8.346572 0.079690 0.142523 -0.002489 -0.000472 0.002403 0.999994
1575280968.845647 9.538102 0.091067 0.162868 -0.002844 -0.000540 0.002745 0.999992
1575280968.949498 10.729828 0.102446 0.183215 -0.003199 -0.000608 0.003088 0.999990
1575280969.053344 11.921506 0.113825 0.203562 -0.003554 -0.000677 0.003431 0.999988
1575280969.157241 13.113754 0.125209 0.223918 -0.003909 -0.000746 0.003774 0.999985
1575280969.261103 14.305493 0.136499 0.244135 -0.004196 -0.000803 0.004099 0.999982
1575280969.365020 15.498764 0.148598 0.265512 -0.005084 -0.000971 0.004576 0.999976
1575280969.468877 16.689930 0.159318 0.284921 -0.004946 -0.000944 0.004800 0.999976
1575280969.572760 17.883583 0.169811 0.304089 -0.004659 -0.000783 0.005096 0.999976
1575280969.676624 19.079369 0.181147 0.322497 -0.004488 -0.000584 0.005341 0.999975
1575280969.780524 20.273031 0.193793 0.340988 -0.004606 -0.001049 0.005684 0.999973
1575280969.884557 21.467615 0.207103 0.359274 -0.004477 -0.001572 0.005924 0.999971
1575280969.988390 22.661988 0.222109 0.378815 -0.004776 -0.001278 0.006335 0.999968
1575280970.092341 23.856314 0.237530 0.399228 -0.004892 -0.001216 0.006697 0.999965
1575280970.196223 25.050327 0.253165 0.419863 -0.004894 -0.001605 0.007149 0.999961
1575280970.300119 26.246788 0.270775 0.438114 -0.005022 -0.001441 0.007567 0.999958
1575280970.404094 27.445709 0.287994 0.457172 -0.004579 -0.000359 0.007930 0.999958
1575280970.507955 28.641329 0.305847 0.473261 -0.004254 -0.000259 0.008378 0.999956
1575280970.611830 29.832586 0.324589 0.491097 -0.003945 -0.000950 0.008775 0.999953
1575280970.715908 31.032351 0.343906 0.509507 -0.003685 -0.001354 0.009264 0.999949
1575280970.820565 32.236533 0.365734 0.528803 -0.003889 -0.001361 0.009640 0.999945
1575280970.923805 33.425082 0.387047 0.549066 -0.003650 -0.001086 0.009971 0.999943
1575280971.027603 34.619866 0.409472 0.569934 -0.003524 -0.000958 0.010294 0.999940
1575280971.131599 35.817825 0.431994 0.589059 -0.003144 -0.000919 0.010539 0.999939
1575280971.235467 37.014747 0.456304 0.609007 -0.003175 -0.000924 0.010836 0.999936
1575280971.339457 38.212606 0.479821 0.629290 -0.002735 -0.000672 0.010937 0.999936
1575280971.443458 39.411484 0.505199 0.648771 -0.002794 -0.000069 0.010898 0.999937
1575280971.547528 40.608702 0.530612 0.668276 -0.003024 0.000401 0.010829 0.999937
1575280971.651346 41.805135 0.556778 0.686860 -0.003424 0.000190 0.010803 0.999936
1575280971.755337 43.002522 0.583551 0.703782 -0.003839 0.000139 0.010753 0.999935
1575280971.859335 44.202522 0.613920 0.719516 -0.005320 0.000880 0.010536 0.999930
1575280971.963338 45.402913 0.639986 0.732939 -0.005445 0.002449 0.009754 0.999935
1575280972.067212 46.603746 0.664169 0.743338 -0.005720 0.003824 0.008894 0.999937
1575280972.171214 47.809480 0.685208 0.750551 -0.005854 0.005481 0.008026 0.999936
1575280972.275208 49.012793 0.703913 0.756491 -0.005696 0.006544 0.007385 0.999935
1575280972.379086 50.211667 0.719019 0.758033 -0.004871 0.005693 0.006634 0.999950
1575280972.483087 51.412657 0.735440 0.761072 -0.005124 0.004541 0.006093 0.999958
1575280972.587084 52.613996 0.752696 0.766329 -0.005704 0.004453 0.005691 0.999958
1575280972.690961 53.819475 0.766262 0.772824 -0.005219 0.004222 0.005662 0.999961
1575280972.794838 55.023472 0.781165 0.780155 -0.004883 0.003862 0.006025 0.999962
1575280972.898711 56.228642 0.797352 0.787727 -0.004959 0.003829 0.006793 0.999957
1575280973.002585 57.436386 0.815889 0.798092 -0.004957 0.004581 0.007565 0.999949
1575280973.106461 58.641377 0.836253 0.805543 -0.004948 0.004767 0.008050 0.999944
1575280973.210461 59.847420 0.858969 0.812442 -0.005424 0.004631 0.008472 0.999939
1575280973.314366 61.051049 0.881742 0.820105 -0.005617 0.004566 0.008829 0.999935
1575280973.418212 62.254666 0.903749 0.828021 -0.005297 0.004292 0.008910 0.999937
1575280973.522223 63.456550 0.924020 0.836237 -0.004655 0.003804 0.009005 0.999941
1575280973.626085 64.656814 0.946197 0.843168 -0.004438 0.004270 0.009184 0.999939
1575280973.729960 65.859955 0.968538 0.851680 -0.004422 0.005363 0.009312 0.999932
1575280973.833980 67.057163 0.992544 0.857641 -0.004648 0.004637 0.009455 0.999934
1575280973.937839 68.250597 1.018518 0.862356 -0.005412 0.003789 0.009489 0.999933
1575280974.041854 69.444935 1.045619 0.870372 -0.006492 0.003863 0.009540 0.999926
1575280974.145728 70.635967 1.071885 0.878200 -0.007396 0.003986 0.009518 0.999919
1575280974.249711 71.825963 1.097718 0.885623 -0.008221 0.004220 0.009423 0.999913
1575280974.353588 73.012351 1.121138 0.894715 -0.008425 0.004688 0.008946 0.999914
1575280974.457587 74.197817 1.143954 0.903125 -0.009267 0.004988 0.007924 0.999913
1575280974.561589 75.375938 1.159931 0.914015 -0.008991 0.004621 0.006595 0.999927
1575280974.665590 76.550870 1.168078 0.922026 -0.007271 0.001872 0.005389 0.999957
1575280974.769588 77.726377 1.177440 0.933478 -0.007564 0.001034 0.004159 0.999962
1575280974.873589 78.905114 1.183084 0.948890 -0.007221 0.002989 0.002722 0.999966
1575280974.977586 80.079218 1.184908 0.961675 -0.007279 0.003979 0.001075 0.999965
1575280975.081587 81.245267 1.185381 0.970661 -0.007516 0.002886 -0.000932 0.999967
1575280975.185587 82.409778 1.177571 0.982467 -0.007086 0.001624 -0.002682 0.999970
1575280975.289591 83.568501 1.164528 0.997782 -0.006392 -0.000294 -0.004395 0.999970
1575280975.393589 84.728000 1.148671 1.014939 -0.005973 -0.000821 -0.006046 0.999964
1575280975.497589 85.887798 1.131296 1.033033 -0.005890 0.000153 -0.007852 0.999952
1575280975.601592 87.042190 1.110503 1.050164 -0.006454 0.000633 -0.009761 0.999931
1575280975.705592 88.194846 1.083432 1.067303 -0.006292 -0.000501 -0.011611 0.999913
1575280975.809610 89.344313 1.051770 1.084230 -0.006128 -0.001770 -0.013268 0.999892
1575280975.913590 90.494500 1.016646 1.103358 -0.006177 -0.001947 -0.014900 0.999868
1575280976.017589 91.647825 0.976586 1.123236 -0.005518 -0.001325 -0.016333 0.999851
1575280976.121589 92.802772 0.932793 1.141511 -0.005157 -0.000652 -0.017725 0.999829
1575280976.225594 93.958848 0.885628 1.158827 -0.004771 0.000286 -0.019093 0.999806
1575280976.329591 95.114510 0.834182 1.175739 -0.004224 0.000871 -0.020315 0.999784
1575280976.433589 96.267183 0.780421 1.191597 -0.003564 -0.000207 -0.021467 0.999763
1575280976.537592 97.424780 0.722337 1.207772 -0.002801 -0.001995 -0.022588 0.999739
1575280976.641604 98.583687 0.664211 1.225784 -0.002947 -0.003557 -0.023632 0.999710
1575280976.745590 99.751165 0.603463 1.247111 -0.003010 -0.004062 -0.024449 0.999688
1575280976.849588 100.925707 0.542613 1.270029 -0.003048 -0.003750 -0.024749 0.999682
1575280976.953589 102.106503 0.482172 1.293133 -0.003168 -0.002746 -0.024364 0.999694
1575280977.057590 103.290751 0.421471 1.315583 -0.002841 -0.001945 -0.023674 0.999714
1575280977.161592 104.482018 0.361287 1.337375 -0.002984 -0.001628 -0.022670 0.999737
1575280977.265592 105.679970 0.305265 1.357602 -0.003058 -0.001341 -0.021437 0.999765
1575280977.369468 106.879276 0.252449 1.378019 -0.003291 -0.001358 -0.019883 0.999796
1575280977.473468 108.083965 0.205948 1.398270 -0.004008 -0.001518 -0.018001 0.999829
1575280977.577465 109.290697 0.161975 1.418884 -0.004070 -0.001435 -0.016044 0.999862
1575280977.681358 110.503817 0.122209 1.440928 -0.004390 -0.000890 -0.014015 0.999892
1575280977.785343 111.719619 0.087805 1.461864 -0.004476 -0.000494 -0.011848 0.999920
1575280977.889217 112.936122 0.058055 1.481734 -0.004543 -0.000136 -0.009619 0.999943
1575280977.993237 114.154994 0.035175 1.500465 -0.004720 -0.000055 -0.007222 0.999963
1575280978.097217 115.375376 0.018935 1.520093 -0.005120 -0.000064 -0.004750 0.999976
1575280978.201087 116.598662 0.007394 1.541011 -0.005362 -0.000222 -0.002270 0.999983
1575280978.305097 117.824356 0.001946 1.563577 -0.005791 -0.000532 0.000055 0.999983
1575280978.409097 119.052792 0.003108 1.585950 -0.006698 -0.000694 0.001904 0.999976
1575280978.513087 120.284482 0.009256 1.608224 -0.007864 -0.000601 0.002971 0.999964
1575280978.617097 121.514537 0.016334 1.629489 -0.008337 -0.000745 0.003457 0.999959
1575280978.721217 122.755837 0.027115 1.648873 -0.009399 -0.000542 0.004006 0.999948
1575280978.825217 123.996593 0.038321 1.668174 -0.010099 0.000040 0.004516 0.999939
1575280978.929217 125.237963 0.049053 1.687627 -0.010116 0.000021 0.004894 0.999937
1575280979.033217 126.484343 0.066374 1.702936 -0.011744 0.000864 0.005341 0.999916
1575280979.137217 127.734712 0.083123 1.717611 -0.012548 0.002324 0.005663 0.999903
1575280979.241217 128.984570 0.097514 1.727811 -0.012030 0.002576 0.006052 0.999906
1575280979.345237 130.234735 0.112160 1.736024 -0.011888 0.001619 0.006303 0.999908
1575280979.449087 131.490404 0.123405 1.746274 -0.010523 0.001971 0.006665 0.999920
1575280979.553097 132.748570 0.133542 1.757501 -0.009337 0.002938 0.007182 0.999926
1575280979.657097 134.011224 0.146567 1.766607 -0.007934 0.003869 0.007338 0.999934
1575280979.761097 135.274867 0.160465 1.773935 -0.007046 0.004790 0.007502 0.999936
1575280979.865097 136.538104 0.171749 1.779117 -0.004864 0.003809 0.007437 0.999953
1575280979.969087 137.804972 0.182296 1.786370 -0.003540 0.002960 0.007435 0.999962
1575280980.072967 139.072381 0.194813 1.795473 -0.002748 0.002946 0.007339 0.999965
1575280980.176967 140.346337 0.211211 1.805591 -0.002724 0.003156 0.007205 0.999965
1575280980.280987 141.621992 0.228165 1.814868 -0.002906 0.004047 0.006865 0.999964
1575280980.384847 142.896443 0.247865 1.823337 -0.004213 0.004921 0.006536 0.999958
1575280980.488837 144.169286 0.264131 1.830346 -0.004254 0.004523 0.006244 0.999961
1575280980.592837 145.440290 0.279834 1.837187 -0.004413 0.003219 0.006025 0.999967
1575280980.696717 146.710161 0.295657 1.847868 -0.004498 0.002185 0.005804 0.999971
1575280980.800717 147.977103 0.308515 1.862424 -0.003869 0.000126 0.005656 0.999977
1575280980.904717 149.242911 0.323037 1.878853 -0.003922 -0.001617 0.005386 0.999976
1575280981.008597 150.508427 0.336589 1.900896 -0.003803 -0.002178 0.005295 0.999976
1575280981.112597 151.772472 0.348834 1.926633 -0.003715 -0.001985 0.005342 0.999977
1575280981.216597 153.041303 0.363971 1.949606 -0.004037 -0.001811 0.005328 0.999976
1575280981.320467 154.305092 0.378691 1.972135 -0.004439 -0.001204 0.005459 0.999975
1575280981.424467 155.570320 0.395432 1.991964 -0.004672 -0.000921 0.005590 0.999973
1575280981.528477 156.834081 0.410526 2.011077 -0.004806 -0.001049 0.005860 0.999971
1575280981.632347 158.095173 0.426745 2.029915 -0.004964 -0.000964 0.006181 0.999968
1575280981.736347 159.359839 0.441973 2.049848 -0.004680 -0.000415 0.006528 0.999968
1575280981.840217 160.621551 0.459689 2.069904 -0.005112 -0.000263 0.006863 0.999963
1575280981.944217 161.882070 0.477457 2.089497 -0.005256 -0.000734 0.007164 0.999960
1575280982.048217 163.144275 0.496767 2.108183 -0.005481 -0.001286 0.007570 0.999956
1575280982.152217 164.408578 0.517942 2.129047 -0.005899 -0.001282 0.007879 0.999951
1575280982.256097 165.670339 0.537933 2.151427 -0.005741 -0.001625 0.008204 0.999949
1575280982.360097 166.932863 0.559142 2.173499 -0.005873 -0.002229 0.008603 0.999943
1575280982.464117 168.195288 0.580759 2.195925 -0.005959 -0.002152 0.008913 0.999940
1575280982.568097 169.460515 0.603882 2.219632 -0.006124 -0.001443 0.009283 0.999937
1575280982.671967 170.724070 0.627561 2.242440 -0.006156 -0.001212 0.009657 0.999934
1575280982.775977 171.990304 0.652366 2.263782 -0.006334 -0.001065 0.009980 0.999930
1575280982.879847 173.254141 0.678193 2.284518 -0.006549 -0.000889 0.010344 0.999925
1575280982.983847 174.518300 0.704816 2.305759 -0.006657 -0.001280 0.010641 0.999920
1575280983.087717 175.779165 0.731751 2.326889 -0.007176 -0.001621 0.010860 0.999914
1575280983.191717 177.046828 0.757892 2.349750 -0.007272 -0.001366 0.011067 0.999911
1575280983.295727 178.309691 0.784214 2.373080 -0.007238 -0.001818 0.011231 0.999909
1575280983.399597 179.569881 0.808121 2.396397 -0.006592 -0.002757 0.011255 0.999911
1575280983.503597 180.831634 0.831163 2.420168 -0.005113 -0.002578 0.011390 0.999919
1575280983.607597 182.093594 0.856059 2.443408 -0.005062 -0.000960 0.011557 0.999920
1575280983.711467 183.358688 0.882399 2.464613 -0.004917 0.001618 0.011637 0.999919
1575280983.815477 184.615516 0.910341 2.480882 -0.005088 0.001234 0.011732 0.999917
1575280983.919477 185.865172 0.939746 2.497060 -0.005938 -0.000313 0.011594 0.999915
1575280984.023477 187.114417 0.968038 2.516600 -0.006095 -0.001423 0.011730 0.999912
1575280984.127347 188.361146 0.994160 2.539068 -0.005883 -0.001379 0.011816 0.999912
1575280984.231347 189.608285 1.021096 2.560949 -0.005894 -0.000556 0.011787 0.999913
1575280984.335347 190.853850 1.047709 2.582939 -0.005932 0.000442 0.011719 0.999914
1575280984.439347 192.093030 1.072406 2.604137 -0.005631 0.000923 0.011416 0.999919
1575280984.543347 193.327000 1.095820 2.625278 -0.005656 0.000694 0.010746 0.999926
1575280984.647347 194.557971 1.115767 2.645606 -0.004976 -0.000143 0.010043 0.999937
1575280984.751227 195.784679 1.134755 2.669070 -0.004962 -0.000851 0.009410 0.999943
1575280984.855227 197.005437 1.150587 2.693827 -0.004521 -0.001249 0.008725 0.999951
1575280984.959227 198.222818 1.166526 2.718761 -0.004588 -0.000809 0.008109 0.999956
1575280985.063227 199.435973 1.180546 2.742541 -0.004427 0.000205 0.007424 0.999963
1575280985.167227 200.643905 1.194447 2.765300 -0.004779 0.000419 0.006848 0.999965
1575280985.271227 201.845577 1.206220 2.786334 -0.004679 0.000330 0.006303 0.999969
1575280985.375217 203.040580 1.216713 2.806875 -0.004874 0.000486 0.005809 0.999971
1575280985.479227 204.228598 1.225008 2.828937 -0.005006 0.000702 0.005252 0.999973
1575280985.583217 205.407539 1.232763 2.848073 -0.005004 0.000536 0.004866 0.999975
1575280985.687227 206.578117 1.240109 2.867805 -0.005030 0.000595 0.004418 0.999977
1575280985.791227 207.735196 1.244801 2.887718 -0.004440 0.000682 0.004134 0.999981
1575280985.895097 208.878201 1.249770 2.907246 -0.004356 0.000976 0.004027 0.999982
1575280985.999117 210.008068 1.254727 2.927245 -0.004113 0.001666 0.004189 0.999981
1575280986.103097 211.120118 1.262706 2.944856 -0.004232 0.001646 0.004534 0.999979
1575280986.207097 212.217201 1.272115 2.962540 -0.004374 0.001152 0.004716 0.999979
1575280986.311097 213.301491 1.282613 2.980054 -0.004528 0.000703 0.004931 0.999977
1575280986.415097 214.372036 1.292559 2.998320 -0.004494 0.000604 0.005210 0.999976
1575280986.519097 215.431504 1.303010 3.016845 -0.004213 0.000636 0.005766 0.999974
1575280986.622987 216.475321 1.313902 3.035213 -0.004014 0.001006 0.006562 0.999970
1575280986.726977 217.512786 1.325021 3.052652 -0.003473 0.001726 0.007549 0.999964
1575280986.830977 218.535404 1.340134 3.068927 -0.003567 0.002797 0.008664 0.999952
1575280986.934977 219.539271 1.358003 3.084337 -0.003661 0.002849 0.009786 0.999941
1575280987.039097 220.522969 1.378848 3.096809 -0.003839 0.002522 0.011126 0.999928
1575280987.143097 221.489327 1.400376 3.110064 -0.003865 0.002533 0.012493 0.999911
1575280987.247097 222.430950 1.424669 3.125227 -0.004133 0.002852 0.013926 0.999890
1575280987.350977 223.351330 1.450769 3.140521 -0.004298 0.002831 0.015421 0.999868
1575280987.454977 224.247858 1.478540 3.154556 -0.004262 0.002479 0.016949 0.999844
1575280987.559107 225.122010 1.507854 3.168661 -0.004149 0.002236 0.018561 0.999817
1575280987.663117 225.975194 1.541293 3.183796 -0.004736 0.002115 0.020120 0.999784
1575280987.767097 226.804938 1.575433 3.199563 -0.004875 0.001669 0.021616 0.999753
1575280987.871097 227.617839 1.613121 3.213287 -0.005833 0.001702 0.022805 0.999721
1575280987.975247 228.411529 1.649214 3.226635 -0.006230 0.001784 0.023219 0.999709
1575280988.079357 229.188783 1.683215 3.240543 -0.006248 0.002367 0.023117 0.999710
1575280988.183347 229.946607 1.715279 3.254551 -0.006287 0.002787 0.022870 0.999715
1575280988.287477 230.687818 1.746225 3.267416 -0.006194 0.002509 0.022710 0.999720
1575280988.391477 231.418312 1.777661 3.278186 -0.006453 0.001542 0.022539 0.999724
1575280988.495617 232.145686 1.807399 3.289448 -0.006489 0.000456 0.022111 0.999734
1575280988.599727 232.868422 1.836667 3.301279 -0.006520 -0.000218 0.021539 0.999747
1575280988.703737 233.590224 1.865181 3.314190 -0.006893 -0.000453 0.020801 0.999760
1575280988.807847 234.307939 1.890518 3.327012 -0.006616 -0.000565 0.019949 0.999779
1575280988.911977 235.021969 1.914469 3.340004 -0.006530 -0.000554 0.019024 0.999798
1575280989.015977 235.732691 1.938867 3.352476 -0.006576 -0.000576 0.018002 0.999816
1575280989.120097 236.439193 1.960596 3.364691 -0.006457 -0.000703 0.016947 0.999835
1575280989.224107 237.142421 1.981281 3.375720 -0.006521 -0.000561 0.015509 0.999858
1575280989.328227 237.842365 1.997848 3.386709 -0.006069 -0.000273 0.013901 0.999885
1575280989.432227 238.538718 2.011364 3.399981 -0.005553 -0.000016 0.012454 0.999907
1575280989.536347 239.231152 2.023252 3.413563 -0.005422 0.000103 0.010953 0.999925
1575280989.640477 239.919148 2.033231 3.427091 -0.005238 -0.000030 0.009471 0.999941
1575280989.744477 240.606718 2.041149 3.438722 -0.005141 -0.000245 0.008029 0.999955
1575280989.848607 241.295356 2.048740 3.450472 -0.005634 -0.000696 0.006552 0.999962
1575280989.952727 241.988820 2.054449 3.463243 -0.005605 -0.001022 0.005116 0.999971
1575280990.056727 242.685194 2.058008 3.475440 -0.005629 -0.000557 0.003697 0.999977
1575280990.160867 243.387752 2.062551 3.487265 -0.005893 -0.000213 0.002417 0.999980
1575280990.264977 244.090943 2.064105 3.498775 -0.005770 -0.000286 0.001263 0.999983
1575280990.368977 244.795354 2.064716 3.509820 -0.005697 -0.000882 0.000110 0.999983
1575280990.473127 245.503349 2.063681 3.518841 -0.005795 -0.002170 -0.000764 0.999981
1575280990.577227 246.218115 2.061500 3.527931 -0.005433 -0.002941 -0.001250 0.999980
1575280990.681227 246.939946 2.058275 3.540055 -0.005396 -0.003356 -0.001347 0.999979
1575280990.785227 247.667835 2.055133 3.554289 -0.005017 -0.003468 -0.001437 0.999980
1575280990.889227 248.401532 2.053618 3.568852 -0.005474 -0.003554 -0.001524 0.999978
1575280990.993357 249.143502 2.052582 3.584595 -0.005892 -0.003899 -0.001677 0.999974
1575280991.097367 249.889373 2.049835 3.599673 -0.005555 -0.004895 -0.001795 0.999971
1575280991.201357 250.642056 2.042619 3.615544 -0.003673 -0.005802 -0.001999 0.999974
1575280991.305357 251.402882 2.034823 3.629184 -0.002024 -0.006284 -0.002174 0.999976
1575280991.409477 252.177405 2.033807 3.642745 -0.002830 -0.004739 -0.002454 0.999982
1575280991.513477 252.961873 2.037704 3.658787 -0.005021 -0.001686 -0.002747 0.999982
1575280991.617477 253.749422 2.033721 3.672489 -0.004898 0.000670 -0.003153 0.999983
1575280991.721627 254.544061 2.023780 3.682556 -0.004168 -0.000284 -0.004109 0.999983
1575280991.825597 255.338578 2.017723 3.687854 -0.004731 -0.003450 -0.006110 0.999964
1575280991.929727 256.144663 2.009626 3.697514 -0.005793 -0.005720 -0.008097 0.999934
1575280992.033737 256.962494 1.996119 3.711249 -0.006527 -0.005631 -0.009698 0.999916
1575280992.137747 257.791004 1.976020 3.727954 -0.005868 -0.004331 -0.011314 0.999909
1575280992.241857 258.626342 1.950563 3.744505 -0.004368 -0.002754 -0.012767 0.999905
1575280992.345857 259.463261 1.923987 3.757657 -0.003143 -0.001861 -0.014113 0.999894
1575280992.449997 260.302418 1.898911 3.772440 -0.003044 -0.001572 -0.015700 0.999871
1575280992.553977 261.136697 1.873868 3.788308 -0.004156 -0.002544 -0.016980 0.999844
1575280992.658107 261.973630 1.843468 3.802919 -0.004371 -0.003696 -0.018167 0.999819
1575280992.762107 262.812606 1.810353 3.818134 -0.004534 -0.003889 -0.019466 0.999793
1575280992.866227 263.655379 1.776834 3.836760 -0.005008 -0.002905 -0.020914 0.999765
1575280992.970227 264.497570 1.742878 3.855938 -0.005795 -0.001905 -0.022551 0.999727
1575280993.074247 265.337192 1.704522 3.872788 -0.006075 -0.001866 -0.023931 0.999693
1575280993.178227 266.180234 1.661067 3.888103 -0.006007 -0.002238 -0.025264 0.999660
1575280993.282227 267.023290 1.611695 3.903322 -0.005207 -0.002428 -0.026568 0.999631
1575280993.386237 267.869278 1.560723 3.917270 -0.003712 -0.002181 -0.027479 0.999613
1575280993.490237 268.716919 1.508453 3.931328 -0.002981 -0.002138 -0.027938 0.999603
1575280993.594237 269.564161 1.459073 3.947077 -0.002605 -0.002151 -0.028229 0.999596
1575280993.698227 270.416512 1.409010 3.963149 -0.002548 -0.002110 -0.028485 0.999589
1575280993.802117 271.269071 1.359154 3.978434 -0.002541 -0.001893 -0.028471 0.999590
1575280993.906107 272.124150 1.311048 3.995871 -0.002823 -0.001586 -0.028196 0.999597
1575280994.009987 272.978211 1.262809 4.012661 -0.002627 -0.001961 -0.027640 0.999613
1575280994.113987 273.830346 1.218446 4.027194 -0.002676 -0.002394 -0.026848 0.999633
1575280994.217977 274.685984 1.175894 4.042091 -0.003054 -0.002866 -0.026033 0.999652
1575280994.321857 275.538389 1.133609 4.057157 -0.003597 -0.002913 -0.025316 0.999669
1575280994.425857 276.389303 1.093450 4.073627 -0.004155 -0.002967 -0.024516 0.999686
1575280994.529737 277.238642 1.053949 4.089430 -0.004396 -0.002740 -0.023402 0.999713
1575280994.633727 278.086646 1.016365 4.105566 -0.004311 -0.002020 -0.022020 0.999746
1575280994.737607 278.931889 0.980426 4.121344 -0.003623 -0.000889 -0.019957 0.999794
1575280994.841607 279.770709 0.948519 4.136352 -0.003025 0.000092 -0.017581 0.999841
1575280994.945607 280.604095 0.922174 4.150046 -0.002774 0.000770 -0.015198 0.999880
1575280995.049607 281.425128 0.900456 4.162033 -0.002551 0.001049 -0.012829 0.999914
1575280995.153607 282.238579 0.881442 4.173234 -0.002293 0.001380 -0.010559 0.999941
1575280995.257727 283.039104 0.865386 4.184439 -0.001771 0.001470 -0.008220 0.999964
1575280995.361727 283.823411 0.855467 4.195026 -0.001555 0.001310 -0.006158 0.999979
1575280995.465857 284.590837 0.851845 4.203475 -0.001754 0.001248 -0.004172 0.999989
1575280995.569857 285.340791 0.852189 4.212462 -0.001906 0.001273 -0.002254 0.999995
1575280995.673877 286.071566 0.852924 4.222964 -0.001768 0.001331 -0.000358 0.999997
1575280995.777857 286.779686 0.855688 4.234113 -0.001317 0.000941 0.001738 0.999997
1575280995.881877 287.468774 0.865158 4.245507 -0.001878 0.000219 0.004202 0.999989
1575280995.985857 288.136145 0.880455 4.256751 -0.002673 -0.000744 0.007357 0.999969
1575280996.089877 288.786742 0.899701 4.267248 -0.003089 -0.001673 0.011439 0.999928
1575280996.193727 289.424754 0.923700 4.279773 -0.003016 -0.002216 0.016570 0.999856
1575280996.297737 290.053308 0.957230 4.293531 -0.003209 -0.002411 0.023258 0.999721
1575280996.401507 290.664558 1.002159 4.305659 -0.003640 -0.002045 0.031428 0.999497
1575280996.505367 291.267074 1.062487 4.317034 -0.004917 -0.001770 0.041246 0.999135
1575280996.609257 291.844047 1.131341 4.327110 -0.005716 -0.001905 0.052431 0.998606
1575280996.712987 292.417925 1.213998 4.338145 -0.006387 -0.002062 0.065064 0.997859
1575280996.816737 292.977780 1.312313 4.348280 -0.007096 -0.002013 0.078904 0.996855
1575280996.920507 293.510224 1.426271 4.357055 -0.007694 -0.001600 0.094160 0.995526
1575280997.024237 294.042999 1.555594 4.365159 -0.007506 -0.000817 0.111111 0.993779
1575280997.127977 294.560218 1.700976 4.377095 -0.007422 -0.000051 0.129352 0.991571
1575280997.231747 295.039914 1.863146 4.390442 -0.007891 0.001003 0.148454 0.988887
1575280997.335467 295.523300 2.045417 4.402077 -0.008437 0.001992 0.168448 0.985672
1575280997.439107 295.963693 2.241040 4.411931 -0.008517 0.002851 0.189139 0.981909
1575280997.542857 296.417154 2.456195 4.418126 -0.008193 0.003651 0.210492 0.977554
1575280997.646627 296.857704 2.688485 4.424035 -0.007779 0.004132 0.232812 0.972482
1575280997.750237 297.246963 2.935267 4.431252 -0.007210 0.004632 0.256027 0.966632
1575280997.854007 297.655254 3.201750 4.435833 -0.006384 0.005304 0.279930 0.959984
1575280997.957747 298.045825 3.486254 4.440522 -0.005963 0.006123 0.304521 0.952467
1575280998.061607 298.374547 3.789317 4.443695 -0.006462 0.006217 0.329506 0.944111
1575280998.165357 298.724710 4.110839 4.449973 -0.005675 0.006431 0.355060 0.934804
1575280998.269107 299.008015 4.443985 4.454224 -0.004407 0.007776 0.381331 0.924395
1575280998.372857 299.321157 4.794769 4.452493 -0.002425 0.010395 0.408674 0.912618
1575280998.476507 299.604333 5.159603 4.450555 -0.001266 0.012285 0.436806 0.899471
1575280998.580257 299.797318 5.536834 4.445583 -0.002171 0.013136 0.465003 0.885209
1575280998.683987 300.011001 5.929885 4.447455 -0.005350 0.013135 0.492530 0.870180
1575280998.787867 300.199742 6.326980 4.445058 -0.007576 0.012958 0.519670 0.854235
1575280998.891607 300.305946 6.721352 4.437488 -0.008302 0.012890 0.546373 0.837402
1575280998.995357 300.444985 7.120437 4.429414 -0.008491 0.013647 0.572167 0.819980
1575280999.099237 300.504105 7.522819 4.421095 -0.008780 0.015175 0.597188 0.801910
1575280999.203107 300.591870 7.931113 4.415605 -0.009561 0.016641 0.621518 0.783164
1575280999.306877 300.655038 8.347468 4.407867 -0.009808 0.018179 0.645909 0.763135
1575280999.410737 300.631743 8.770684 4.398187 -0.011144 0.018922 0.670144 0.741906
1575280999.514627 300.641249 9.209284 4.388757 -0.012418 0.020753 0.693878 0.719687
1575280999.618367 300.621982 9.654901 4.376172 -0.014365 0.022899 0.717213 0.696329
1575280999.722277 300.512681 10.106820 4.357627 -0.016273 0.025134 0.740206 0.671713
1575280999.826117 300.432586 10.567145 4.342387 -0.018264 0.027069 0.762330 0.646364
1575280999.929987 300.259203 11.027556 4.320670 -0.019629 0.029416 0.783477 0.620414
1575281000.033867 300.115898 11.493656 4.299700 -0.020366 0.031356 0.803635 0.593946
1575281000.137757 299.938146 11.958107 4.276136 -0.020501 0.032497 0.822566 0.567370
1575281000.241767 299.667707 12.417969 4.250259 -0.019990 0.033115 0.840365 0.540639
1575281000.345757 299.418183 12.880075 4.219664 -0.019531 0.033246 0.856738 0.514309
1575281000.449897 299.083803 13.339747 4.186461 -0.019215 0.033371 0.871746 0.488442
1575281000.553987 298.759114 13.801144 4.152253 -0.019122 0.033430 0.884991 0.464012
1575281000.658237 298.393839 14.265026 4.121792 -0.019672 0.033595 0.896497 0.441336
1575281000.762487 297.965512 14.729404 4.087100 -0.020012 0.035292 0.906846 0.419505
1575281000.866617 297.536541 15.197105 4.053143 -0.019981 0.039043 0.916889 0.396726
1575281000.970867 297.032598 15.657030 4.013189 -0.020479 0.042040 0.926534 0.373294
1575281001.074987 296.519496 16.103699 3.974197 -0.020631 0.043172 0.935370 0.350418
1575281001.179237 295.937905 16.535281 3.934577 -0.019510 0.041927 0.943493 0.328149
1575281001.283487 295.347946 16.955162 3.892880 -0.017362 0.041260 0.950789 0.306587
1575281001.387607 294.719225 17.362397 3.848896 -0.015340 0.039403 0.957399 0.285656
1575281001.491887 294.030422 17.757571 3.809071 -0.013297 0.038658 0.963331 0.265185
1575281001.596107 293.324308 18.137695 3.774678 -0.013361 0.037768 0.968685 0.245041
1575281001.700237 292.557485 18.493383 3.745314 -0.013378 0.036161 0.973736 0.224393
1575281001.804487 291.780776 18.832351 3.714728 -0.012800 0.036023 0.978249 0.203881
1575281001.908617 290.947991 19.154220 3.683909 -0.012617 0.037248 0.982291 0.183187
1575281002.012747 290.102885 19.453024 3.658898 -0.012527 0.039304 0.985813 0.162697
1575281002.116987 289.221308 19.720325 3.632649 -0.013519 0.039617 0.988867 0.142796
1575281002.221117 288.287985 19.965656 3.606142 -0.013876 0.041303 0.991382 0.123547
1575281002.325237 287.344118 20.178793 3.582494 -0.014218 0.041200 0.993532 0.104852
1575281002.429357 286.358265 20.357940 3.555307 -0.012181 0.040749 0.995268 0.087369
1575281002.533487 285.357908 20.510172 3.527803 -0.010632 0.040400 0.996634 0.070541
1575281002.637737 284.322723 20.633104 3.506430 -0.010711 0.040199 0.997643 0.054567
1575281002.741867 283.251132 20.725528 3.487350 -0.010777 0.039527 0.998397 0.039048
1575281002.846127 282.162508 20.788941 3.469190 -0.010467 0.039063 0.998881 0.024518
1575281002.950247 281.042862 20.824975 3.449813 -0.009952 0.039501 0.999108 0.011155
1575281003.054487 279.904824 20.829019 3.433912 -0.010727 0.038049 0.999217 -0.001406
1575281003.158617 278.738698 20.807358 3.416824 -0.011136 0.037352 0.999153 -0.013163
1575281003.262867 277.560321 20.760487 3.400868 -0.010820 0.036179 0.999013 -0.023407
1575281003.367117 276.369316 20.687415 3.386801 -0.009564 0.033934 0.998875 -0.031699
1575281003.471387 275.161395 20.596203 3.375271 -0.008959 0.031474 0.998743 -0.037966
1575281003.575737 273.937009 20.490825 3.364976 -0.009664 0.029150 0.998647 -0.041955
1575281003.679987 272.691958 20.378542 3.354249 -0.010598 0.027423 0.998602 -0.043924
1575281003.784237 271.433791 20.271610 3.341558 -0.009769 0.026487 0.998628 -0.044094
1575281003.888647 270.156548 20.162309 3.327151 -0.009079 0.025355 0.998708 -0.043102
1575281003.992747 268.864316 20.053290 3.312329 -0.009524 0.025038 0.998763 -0.041894
1575281004.096987 267.558591 19.947259 3.298646 -0.010017 0.024499 0.998825 -0.040604
1575281004.201117 266.237419 19.846799 3.283430 -0.010344 0.024269 0.998903 -0.038689
1575281004.305377 264.906820 19.751335 3.271084 -0.011154 0.023437 0.999011 -0.036096
1575281004.409497 263.575185 19.658593 3.261605 -0.012283 0.023147 0.999102 -0.033281
1575281004.513617 262.244087 19.573932 3.250931 -0.013131 0.022813 0.999184 -0.030650
1575281004.617617 260.916798 19.497228 3.239293 -0.013306 0.022644 0.999258 -0.028156
1575281004.721747 259.576394 19.426042 3.225351 -0.012940 0.022069 0.999346 -0.025570
1575281004.825747 258.237704 19.360664 3.212700 -0.012574 0.021212 0.999435 -0.022827
1575281004.929747 256.896505 19.302829 3.199055 -0.012231 0.020833 0.999506 -0.020091
1575281005.033737 255.549829 19.252821 3.185667 -0.013507 0.020505 0.999546 -0.017468
1575281005.137747 254.200075 19.211458 3.169917 -0.015137 0.020716 0.999557 -0.015081
1575281005.241767 252.848473 19.177426 3.148701 -0.015143 0.021100 0.999581 -0.012817
1575281005.345617 251.498220 19.150132 3.125157 -0.014793 0.021682 0.999596 -0.010937
1575281005.449617 250.141165 19.126168 3.103255 -0.014516 0.021779 0.999613 -0.009416
1575281005.553497 248.789464 19.104540 3.083511 -0.012855 0.021882 0.999645 -0.008072
1575281005.657367 247.431091 19.085356 3.063570 -0.011599 0.021727 0.999673 -0.006854
1575281005.761237 246.062922 19.069269 3.045564 -0.012745 0.021177 0.999678 -0.005701
1575281005.864997 244.694141 19.058110 3.026299 -0.013928 0.021713 0.999656 -0.004763
1575281005.968867 243.319858 19.049239 3.001378 -0.013782 0.021785 0.999658 -0.004322
1575281006.072617 241.946318 19.039202 2.977250 -0.013973 0.022405 0.999642 -0.004238
1575281006.176487 240.562220 19.031408 2.953991 -0.013977 0.022539 0.999639 -0.004353
1575281006.280247 239.181372 19.024461 2.933284 -0.013225 0.023436 0.999628 -0.004538
1575281006.383997 237.796834 19.015295 2.911023 -0.012318 0.024131 0.999621 -0.004914
1575281006.487747 236.407296 19.004225 2.889362 -0.012575 0.024924 0.999595 -0.005446
1575281006.591517 235.013997 18.990819 2.867497 -0.014297 0.025146 0.999564 -0.005895
1575281006.695247 233.615379 18.974199 2.839589 -0.014719 0.024580 0.999569 -0.006468
1575281006.799117 232.214488 18.953380 2.814956 -0.015069 0.023944 0.999576 -0.006884
1575281006.902867 230.813492 18.930961 2.791968 -0.014916 0.023042 0.999597 -0.007265
1575281007.006617 229.409628 18.908055 2.770916 -0.014656 0.022253 0.999616 -0.007550
1575281007.110367 228.005027 18.887756 2.749170 -0.014029 0.022401 0.999621 -0.007663
1575281007.214117 226.592678 18.867570 2.727670 -0.013111 0.022364 0.999634 -0.007755
1575281007.317867 225.175637 18.849318 2.709121 -0.013422 0.022914 0.999617 -0.007789
1575281007.421737 223.755159 18.829264 2.690237 -0.013917 0.022804 0.999611 -0.007962
1575281007.525497 222.331587 18.807852 2.669951 -0.014310 0.022877 0.999604 -0.008025
1575281007.629247 220.907014 18.784513 2.649440 -0.014690 0.022325 0.999610 -0.008043
1575281007.732997 219.476985 18.763103 2.627372 -0.014773 0.022736 0.999601 -0.007935
1575281007.836617 218.048602 18.740017 2.603259 -0.013926 0.022458 0.999619 -0.008008
1575281007.940367 216.611566 18.718833 2.577543 -0.014482 0.023289 0.999591 -0.008048
1575281008.044127 215.172000 18.696148 2.554347 -0.015285 0.023468 0.999575 -0.008049
1575281008.147867 213.730370 18.668122 2.523992 -0.014996 0.023615 0.999576 -0.008055
1575281008.251507 212.289729 18.640309 2.494345 -0.013650 0.023884 0.999589 -0.008065
1575281008.355247 210.842703 18.612065 2.466893 -0.013445 0.023976 0.999590 -0.008001
1575281008.458997 209.391042 18.583262 2.440437 -0.014045 0.023648 0.999589 -0.008044
1575281008.562747 207.937358 18.556021 2.411502 -0.012976 0.023761 0.999601 -0.008044
1575281008.666507 206.476597 18.526604 2.383492 -0.013511 0.023300 0.999604 -0.008132
1575281008.770247 205.012730 18.497648 2.359239 -0.014801 0.022717 0.999600 -0.008010
1575281008.873997 203.549492 18.469165 2.331236 -0.014641 0.022572 0.999606 -0.007982
1575281008.977767 202.085858 18.444542 2.305888 -0.014589 0.023071 0.999595 -0.008006
1575281009.081507 200.626407 18.419418 2.280932 -0.014072 0.023264 0.999598 -0.008042
1575281009.185267 199.157284 18.394033 2.256568 -0.015137 0.023530 0.999578 -0.007826
1575281009.288997 197.692605 18.367785 2.232637 -0.016527 0.023199 0.999567 -0.007445
1575281009.392767 196.231415 18.341932 2.205252 -0.016725 0.022649 0.999580 -0.006931
1575281009.496617 194.771474 18.318059 2.177056 -0.016637 0.022296 0.999593 -0.006385
1575281009.600377 193.315683 18.294659 2.151582 -0.016929 0.021710 0.999603 -0.005981
1575281009.704137 191.859479 18.274046 2.124241 -0.016692 0.021781 0.999609 -0.005463
1575281009.807997 190.406750 18.257200 2.098727 -0.016125 0.022252 0.999610 -0.005049
1575281009.911747 188.957965 18.241817 2.075552 -0.015976 0.022584 0.999606 -0.004760
1575281010.015497 187.509311 18.228248 2.054490 -0.016318 0.022516 0.999603 -0.004513
1575281010.119247 186.067163 18.213571 2.031642 -0.015985 0.022443 0.999612 -0.004105
1575281010.222997 184.622874 18.199841 2.009624 -0.016483 0.022330 0.999607 -0.003816
1575281010.326747 183.182724 18.187992 1.986296 -0.017290 0.022195 0.999598 -0.003463
1575281010.430517 181.745341 18.177885 1.961951 -0.017704 0.022222 0.999592 -0.002883
1575281010.534367 180.314657 18.169820 1.935584 -0.016943 0.022155 0.999609 -0.001891
1575281010.638127 178.888830 18.164085 1.910606 -0.016483 0.021985 0.999622 -0.000930
1575281010.741867 177.463891 18.161789 1.885600 -0.017247 0.022281 0.999603 0.000105
1575281010.845627 176.050121 18.163578 1.860540 -0.018204 0.022694 0.999576 0.001093
1575281010.949377 174.642305 18.168775 1.833968 -0.017720 0.023218 0.999571 0.002173
1575281011.053127 173.250018 18.175937 1.809411 -0.017723 0.023268 0.999567 0.003168
1575281011.156877 171.868398 18.186465 1.785465 -0.018514 0.023363 0.999547 0.004199
1575281011.260627 170.503778 18.198908 1.760263 -0.019262 0.023382 0.999527 0.005259
1575281011.364377 169.158679 18.215554 1.735168 -0.019935 0.023762 0.999499 0.006348
1575281011.468157 167.837990 18.234066 1.710177 -0.019488 0.023865 0.999499 0.007193
1575281011.571867 166.533111 18.255163 1.684565 -0.019538 0.024315 0.999481 0.008021
1575281011.675497 165.249877 18.275325 1.660689 -0.021051 0.023875 0.999457 0.008572
1575281011.779257 163.989928 18.298105 1.636769 -0.021061 0.024083 0.999449 0.008840
1575281011.882997 162.757865 18.319558 1.613497 -0.020094 0.023916 0.999473 0.008833
1575281011.986757 161.547798 18.339625 1.592325 -0.019761 0.023551 0.999489 0.008763
1575281012.090387 160.363772 18.362080 1.573995 -0.019884 0.024027 0.999476 0.008663
1575281012.194127 159.203378 18.382822 1.556281 -0.019839 0.024076 0.999477 0.008548
1575281012.297747 158.070087 18.401910 1.538738 -0.020331 0.023864 0.999474 0.008331
1575281012.401507 156.960319 18.420680 1.520606 -0.021225 0.024105 0.999452 0.008011
1575281012.505247 155.878733 18.438425 1.504661 -0.021734 0.023801 0.999450 0.007760
1575281012.608997 154.827101 18.453967 1.486588 -0.021311 0.023205 0.999475 0.007518
1575281012.712747 153.797889 18.471791 1.467825 -0.020773 0.023511 0.999481 0.007320
1575281012.816627 152.797087 18.488512 1.451138 -0.020263 0.023702 0.999489 0.006994
1575281012.920377 151.820781 18.502517 1.435492 -0.020320 0.023245 0.999500 0.006753
1575281013.024247 150.871591 18.516685 1.419976 -0.020846 0.023645 0.999482 0.006524
1575281013.127997 149.949050 18.529629 1.405974 -0.021154 0.023528 0.999480 0.006267
1575281013.231877 149.048529 18.541860 1.389788 -0.021257 0.023685 0.999475 0.006088
1575281013.335627 148.170296 18.553766 1.372719 -0.021412 0.023816 0.999471 0.005738
1575281013.439497 147.307938 18.562808 1.357624 -0.021198 0.023092 0.999494 0.005402
1575281013.543377 146.462952 18.572701 1.341715 -0.020017 0.023576 0.999508 0.005236
1575281013.647247 145.631547 18.585642 1.323830 -0.018888 0.025058 0.999494 0.005141
1575281013.751127 144.812927 18.596180 1.306352 -0.018383 0.025758 0.999487 0.004925
1575281013.854997 144.011500 18.601543 1.292769 -0.018552 0.025180 0.999498 0.004961
1575281013.958877 143.228852 18.608886 1.280470 -0.018357 0.025289 0.999500 0.004817
1575281014.062877 142.461327 18.619954 1.265800 -0.017428 0.026394 0.999488 0.004735
1575281014.166877 141.701999 18.628955 1.252712 -0.017105 0.026680 0.999486 0.004757
1575281014.270747 140.951162 18.635045 1.242132 -0.017436 0.026519 0.999484 0.004955
1575281014.374747 140.208209 18.642292 1.232478 -0.017903 0.026546 0.999473 0.005251
1575281014.478767 139.474189 18.650926 1.223121 -0.017655 0.026917 0.999466 0.005522
1575281014.582747 138.752796 18.660624 1.211410 -0.017180 0.027587 0.999455 0.005785
1575281014.686767 138.038614 18.671257 1.199564 -0.016649 0.028165 0.999447 0.005996
1575281014.790767 137.330340 18.682944 1.190410 -0.015627 0.028884 0.999442 0.006078
1575281014.894747 136.626099 18.693857 1.184670 -0.014519 0.029118 0.999451 0.006262
1575281014.998757 135.925355 18.704438 1.178510 -0.013389 0.029633 0.999449 0.006615
1575281015.102747 135.226270 18.710893 1.168448 -0.012300 0.028868 0.999484 0.006862
1575281015.206757 134.529121 18.715927 1.159108 -0.011584 0.027950 0.999517 0.007121
1575281015.310757 133.833067 18.725095 1.151027 -0.012167 0.028411 0.999495 0.007330
1575281015.414747 133.137568 18.739595 1.140744 -0.013565 0.030019 0.999429 0.007462
1575281015.518877 132.449132 18.744802 1.135258 -0.013510 0.028161 0.999483 0.007652
1575281015.622877 131.768982 18.744623 1.133442 -0.012453 0.025224 0.999573 0.007864
1575281015.726877 131.086812 18.750075 1.126350 -0.010221 0.023840 0.999634 0.007732
1575281015.830877 130.402647 18.766592 1.114676 -0.006059 0.025800 0.999620 0.007629
1575281015.934877 129.705352 18.770817 1.109010 -0.005129 0.023861 0.999673 0.007619
1575281016.038877 128.996646 18.771941 1.107167 -0.006257 0.021329 0.999727 0.007255
1575281016.142897 128.273545 18.776623 1.103331 -0.007909 0.019922 0.999747 0.006858
1575281016.246877 127.541068 18.782450 1.097832 -0.009379 0.019067 0.999756 0.006034
1575281016.350877 126.799637 18.788558 1.092467 -0.009990 0.019040 0.999756 0.005070
1575281016.454877 126.047864 18.793131 1.084889 -0.009586 0.018960 0.999768 0.003620
1575281016.558877 125.284752 18.793262 1.071440 -0.008537 0.018534 0.999790 0.001829
1575281016.662877 124.502053 18.789058 1.059559 -0.008580 0.017556 0.999809 0.000298
1575281016.766877 123.699996 18.783777 1.049920 -0.010220 0.016901 0.999804 -0.001382
1575281016.870877 122.880783 18.777883 1.039275 -0.012677 0.016972 0.999771 -0.003140
1575281016.974877 122.045224 18.771320 1.025277 -0.014043 0.017796 0.999731 -0.004807
1575281017.078997 121.196734 18.762000 1.009948 -0.014331 0.018510 0.999704 -0.006660
1575281017.183007 120.330087 18.750711 0.991336 -0.013620 0.019411 0.999683 -0.008509
1575281017.287007 119.448228 18.735218 0.973063 -0.012329 0.020129 0.999666 -0.010567
1575281017.391007 118.548741 18.716984 0.956840 -0.011786 0.021226 0.999627 -0.012478
1575281017.495007 117.628412 18.691885 0.939732 -0.011927 0.021836 0.999585 -0.014516
1575281017.599007 116.691433 18.664336 0.925372 -0.012982 0.022584 0.999525 -0.016484
1575281017.703007 115.734307 18.631844 0.909177 -0.014126 0.023259 0.999455 -0.018670
1575281017.807007 114.763782 18.597098 0.891997 -0.014008 0.024782 0.999380 -0.020704
1575281017.911007 113.778489 18.555882 0.874237 -0.012998 0.025564 0.999326 -0.022926
1575281018.015007 112.776890 18.507661 0.855375 -0.011303 0.026142 0.999282 -0.024969
1575281018.119017 111.756335 18.454749 0.837936 -0.010497 0.026572 0.999229 -0.026910
1575281018.223007 110.716352 18.395801 0.823528 -0.010571 0.026540 0.999190 -0.028339
1575281018.327007 109.660425 18.332418 0.810219 -0.010394 0.026616 0.999163 -0.029275
1575281018.431007 108.590389 18.266516 0.796557 -0.009151 0.026123 0.999175 -0.029730
1575281018.535007 107.502218 18.199962 0.784807 -0.007626 0.025868 0.999189 -0.029894
1575281018.639137 106.398652 18.136214 0.771845 -0.006047 0.026878 0.999176 -0.029806
1575281018.743127 105.267484 18.071344 0.760264 -0.007605 0.027618 0.999154 -0.029512
1575281018.847127 104.115619 18.003983 0.750314 -0.010931 0.027408 0.999133 -0.029364
1575281018.951257 102.950471 17.936332 0.733763 -0.012089 0.027702 0.999118 -0.029162
1575281019.055257 101.778009 17.866087 0.715274 -0.010909 0.027239 0.999150 -0.028945
1575281019.159257 100.585611 17.795054 0.697561 -0.010043 0.026801 0.999183 -0.028549
1575281019.263257 99.375359 17.722703 0.682244 -0.010316 0.026106 0.999206 -0.028286
1575281019.367257 98.151220 17.652455 0.667736 -0.009989 0.026061 0.999214 -0.028144
1575281019.471257 96.911788 17.583433 0.650498 -0.009556 0.026484 0.999217 -0.027800
1575281019.575257 95.655500 17.516019 0.634832 -0.011056 0.026640 0.999214 -0.027207
1575281019.679257 94.379787 17.446391 0.618386 -0.012341 0.026030 0.999237 -0.026387
1575281019.783257 93.095451 17.379210 0.597987 -0.011301 0.025742 0.999281 -0.025449
1575281019.887257 91.792259 17.314359 0.578245 -0.011324 0.025366 0.999320 -0.024230
1575281019.991257 90.476586 17.248708 0.562868 -0.011060 0.023778 0.999393 -0.022951
1575281020.095257 89.156538 17.191039 0.544081 -0.006187 0.024857 0.999442 -0.021427
1575281020.199127 87.812330 17.135374 0.534092 -0.004048 0.024821 0.999482 -0.020097
1575281020.303147 86.439320 17.083522 0.530867 -0.008096 0.024846 0.999483 -0.018721
1575281020.407137 85.052782 17.033912 0.519501 -0.011478 0.024528 0.999482 -0.017400
1575281020.511137 83.657221 16.985850 0.499165 -0.011796 0.024066 0.999511 -0.016078
1575281020.615137 82.253939 16.940144 0.476796 -0.010811 0.023603 0.999552 -0.014876
1575281020.719007 80.827037 16.899574 0.456376 -0.010345 0.023576 0.999575 -0.013702
1575281020.823007 79.384146 16.862613 0.437938 -0.010606 0.024004 0.999576 -0.012648
1575281020.926877 77.927883 16.829463 0.418936 -0.010698 0.024849 0.999566 -0.011681
1575281021.030887 76.457274 16.797024 0.399502 -0.011522 0.024992 0.999564 -0.010712
1575281021.134777 74.983697 16.765618 0.380512 -0.012711 0.024628 0.999570 -0.009597
1575281021.238627 73.507594 16.736011 0.360697 -0.014182 0.023994 0.999575 -0.008550
1575281021.342507 72.032897 16.709407 0.341501 -0.015933 0.023445 0.999570 -0.007538
1575281021.446377 70.559944 16.688047 0.319020 -0.016433 0.023729 0.999561 -0.006662
1575281021.550257 69.091970 16.667909 0.294900 -0.015812 0.023746 0.999575 -0.006001
1575281021.654137 67.622448 16.651102 0.272165 -0.015369 0.024030 0.999579 -0.005375
1575281021.757887 66.154528 16.634714 0.249916 -0.015505 0.024049 0.999579 -0.004894
1575281021.861777 64.684545 16.618402 0.227887 -0.015947 0.023566 0.999585 -0.004548
1575281021.965637 63.219679 16.603540 0.205062 -0.015762 0.023452 0.999592 -0.004225
1575281022.069387 61.756445 16.589864 0.181534 -0.014417 0.023541 0.999611 -0.003909
1575281022.173257 60.285386 16.577947 0.159967 -0.014896 0.023953 0.999595 -0.003714
1575281022.277007 58.814830 16.565580 0.137603 -0.017069 0.024176 0.999555 -0.003671
1575281022.380757 57.346800 16.552016 0.110185 -0.018540 0.024300 0.999526 -0.003744
1575281022.484627 55.884149 16.537389 0.080271 -0.018249 0.024095 0.999535 -0.004099
1575281022.588377 54.430860 16.520607 0.050887 -0.016423 0.024222 0.999561 -0.004595
1575281022.692157 52.972799 16.501690 0.027551 -0.014677 0.023647 0.999600 -0.005040
1575281022.796007 51.516370 16.481671 0.007771 -0.014284 0.023560 0.999606 -0.005414
1575281022.899757 50.062135 16.461394 -0.010804 -0.015047 0.023197 0.999601 -0.005754
1575281023.003637 48.606240 16.441683 -0.031265 -0.016417 0.023785 0.999564 -0.006083
1575281023.107387 47.155433 16.419148 -0.055167 -0.018140 0.023491 0.999539 -0.006433
1575281023.211257 45.707889 16.394370 -0.080991 -0.018187 0.022700 0.999555 -0.006590
1575281023.315007 44.269967 16.370641 -0.106293 -0.015903 0.022645 0.999595 -0.006574
1575281023.418877 42.831283 16.346940 -0.127908 -0.014192 0.022537 0.999625 -0.006368
1575281023.522657 41.391980 16.326129 -0.145521 -0.014467 0.022861 0.999615 -0.006122
1575281023.626377 39.955410 16.307169 -0.164100 -0.015962 0.023472 0.999579 -0.005963
1575281023.730257 38.518144 16.286602 -0.183671 -0.016693 0.023222 0.999574 -0.005772
1575281023.834007 37.090066 16.264779 -0.206283 -0.015966 0.022612 0.999602 -0.005464
1575281023.937767 35.663107 16.242386 -0.227007 -0.015642 0.021692 0.999629 -0.005187
1575281024.041637 34.237352 16.222093 -0.247443 -0.015269 0.021248 0.999646 -0.004906
1575281024.145387 32.817545 16.204108 -0.267917 -0.014749 0.021649 0.999646 -0.004753
1575281024.249137 31.400496 16.189065 -0.287039 -0.014663 0.022580 0.999627 -0.004667
1575281024.352887 29.977091 16.175839 -0.306718 -0.015399 0.023843 0.999586 -0.004611
1575281024.456757 28.559683 16.161545 -0.326057 -0.015878 0.024113 0.999573 -0.004573
1575281024.560507 27.149374 16.146427 -0.347130 -0.015214 0.024117 0.999583 -0.004552
1575281024.664277 25.741981 16.128913 -0.368036 -0.015185 0.023312 0.999603 -0.004394
1575281024.768017 24.337707 16.110202 -0.387868 -0.015243 0.022311 0.999626 -0.004201
1575281024.871757 22.939814 16.093228 -0.408778 -0.015157 0.021828 0.999639 -0.004053
1575281024.975527 21.547715 16.078067 -0.427663 -0.015825 0.021731 0.999631 -0.003968
1575281025.079257 20.163455 16.065027 -0.447864 -0.016013 0.022156 0.999619 -0.003885
1575281025.183007 18.779081 16.053955 -0.469882 -0.016345 0.022827 0.999599 -0.003770
1575281025.286767 17.398778 16.042720 -0.491637 -0.016908 0.023001 0.999585 -0.003751
1575281025.390637 16.023369 16.030008 -0.513912 -0.015672 0.022835 0.999610 -0.003579
1575281025.494387 14.652877 16.015434 -0.534934 -0.013433 0.021751 0.999668 -0.003337
1575281025.598137 13.285608 15.996893 -0.549872 -0.012388 0.019730 0.999723 -0.003295
1575281025.701887 11.911821 15.979686 -0.563106 -0.013261 0.018101 0.999742 -0.003400
1575281025.805637 10.542876 15.964360 -0.579229 -0.014753 0.017576 0.999730 -0.003538
1575281025.909387 9.176949 15.952852 -0.598531 -0.015510 0.018191 0.999708 -0.003536
1575281026.013147 7.811952 15.946129 -0.619346 -0.016821 0.020287 0.999646 -0.003689
1575281026.116887 6.452619 15.941220 -0.641732 -0.017590 0.022622 0.999582 -0.003797
1575281026.220657 5.089008 15.933378 -0.667632 -0.017171 0.023866 0.999560 -0.003814
1575281026.324507 3.727585 15.923388 -0.693493 -0.016078 0.024557 0.999562 -0.003895
1575281026.428267 2.364789 15.909215 -0.717733 -0.014722 0.024221 0.999591 -0.003750
1575281026.532017 0.997480 15.892100 -0.739942 -0.014442 0.023123 0.999622 -0.003598
1575281026.635887 -0.374865 15.876187 -0.760111 -0.014666 0.022265 0.999638 -0.003492
1575281026.739657 -1.748371 15.861509 -0.780201 -0.014478 0.021873 0.999650 -0.003366
1575281026.843537 -3.125457 15.848632 -0.798862 -0.013549 0.021965 0.999661 -0.003303
1575281026.947287 -4.504319 15.836023 -0.817160 -0.013305 0.021721 0.999670 -0.003237
1575281027.051017 -5.888690 15.823765 -0.835058 -0.013637 0.021630 0.999668 -0.003215
1575281027.154887 -7.278401 15.809341 -0.854165 -0.013440 0.020988 0.999684 -0.003167
1575281027.258637 -8.669704 15.794450 -0.873992 -0.013502 0.020012 0.999704 -0.002942
1575281027.362507 -10.068217 15.778932 -0.893995 -0.014896 0.018784 0.999709 -0.002847
1575281027.466267 -11.463133 15.764123 -0.914087 -0.014998 0.017933 0.999723 -0.002718
1575281027.570047 -12.860581 15.750514 -0.936466 -0.013367 0.017699 0.999751 -0.002522
1575281027.673887 -14.264252 15.736638 -0.956610 -0.012872 0.017097 0.999768 -0.002552
1575281027.777647 -15.672624 15.724625 -0.973033 -0.013461 0.016993 0.999761 -0.002727
1575281027.881387 -17.077814 15.711580 -0.989059 -0.012426 0.016405 0.999784 -0.002781
1575281027.985267 -18.486776 15.698526 -1.000785 -0.010499 0.015897 0.999814 -0.002879
1575281028.089017 -19.897475 15.685324 -1.012776 -0.010062 0.015615 0.999823 -0.002988
1575281028.192787 -21.317553 15.674540 -1.022026 -0.011160 0.016009 0.999805 -0.003131
1575281028.296637 -22.738202 15.665640 -1.034596 -0.011500 0.017460 0.999776 -0.003376
1575281028.400387 -24.158921 15.656894 -1.048064 -0.011106 0.018394 0.999763 -0.003640
1575281028.504137 -25.581863 15.643989 -1.058906 -0.011259 0.018165 0.999764 -0.003849
1575281028.607887 -27.001968 15.629672 -1.069623 -0.010247 0.017908 0.999780 -0.003813
1575281028.711647 -28.429511 15.613056 -1.079985 -0.010445 0.017356 0.999787 -0.003863
1575281028.815517 -29.862493 15.598751 -1.091926 -0.012646 0.017146 0.999764 -0.004143
1575281028.919267 -31.287973 15.586568 -1.109344 -0.012946 0.018337 0.999738 -0.004434
1575281029.023017 -32.711036 15.576154 -1.124601 -0.012197 0.019711 0.999719 -0.004875
1575281029.126767 -34.135079 15.564826 -1.137725 -0.012451 0.020688 0.999695 -0.005208
1575281029.230637 -35.559828 15.551174 -1.150892 -0.013115 0.021367 0.999671 -0.005381
1575281029.334387 -36.981098 15.538408 -1.164822 -0.013248 0.022361 0.999647 -0.005472
1575281029.438137 -38.397881 15.524665 -1.179704 -0.013466 0.023476 0.999618 -0.005626
1575281029.542017 -39.815025 15.510294 -1.197007 -0.014220 0.024376 0.999585 -0.005804
1575281029.645767 -41.230157 15.495844 -1.215065 -0.014711 0.025311 0.999554 -0.005844
1575281029.749517 -42.638764 15.481942 -1.233313 -0.013102 0.026451 0.999547 -0.005852
1575281029.853267 -44.040540 15.467669 -1.248910 -0.010508 0.027650 0.999545 -0.005978
1575281029.957017 -45.446357 15.452222 -1.259815 -0.010065 0.027950 0.999540 -0.006064
1575281030.060887 -46.854272 15.435837 -1.270344 -0.011510 0.028041 0.999522 -0.006106
1575281030.164637 -48.260530 15.417811 -1.284476 -0.011930 0.027835 0.999523 -0.006110
1575281030.268387 -49.663238 15.400491 -1.299955 -0.011489 0.027622 0.999534 -0.006025
1575281030.372137 -51.065275 15.383062 -1.316646 -0.011285 0.027714 0.999534 -0.006044
1575281030.476017 -52.469798 15.365546 -1.332571 -0.012084 0.027376 0.999534 -0.006020
1575281030.579767 -53.864998 15.348799 -1.349691 -0.010960 0.027640 0.999542 -0.005684
1575281030.683517 -55.266638 15.331392 -1.366751 -0.010416 0.027139 0.999564 -0.005269
1575281030.787387 -56.669516 15.315484 -1.380731 -0.011053 0.027026 0.999562 -0.004723
1575281030.891147 -58.068963 15.302671 -1.394580 -0.011120 0.027465 0.999551 -0.004356
1575281030.995017 -59.468256 15.291113 -1.408007 -0.010374 0.027953 0.999548 -0.003897
1575281031.098767 -60.867041 15.280425 -1.420472 -0.010281 0.027780 0.999555 -0.003526
1575281031.202637 -62.269387 15.268095 -1.431509 -0.010813 0.027479 0.999559 -0.003107
1575281031.306397 -63.668825 15.256200 -1.442725 -0.011057 0.027109 0.999568 -0.002684
1575281031.410267 -65.068965 15.243920 -1.453961 -0.011252 0.026522 0.999582 -0.002305
1575281031.514017 -66.464890 15.234219 -1.466214 -0.011285 0.026508 0.999583 -0.001972
1575281031.617897 -67.857271 15.226966 -1.478095 -0.011337 0.026449 0.999584 -0.001781
1575281031.721637 -69.253162 15.221315 -1.488110 -0.011006 0.026922 0.999575 -0.001763
1575281031.825517 -70.641658 15.215583 -1.496221 -0.009597 0.027169 0.999583 -0.001939
1575281031.929267 -72.026830 15.208130 -1.502938 -0.009323 0.027162 0.999585 -0.002055
1575281032.033147 -73.413907 15.200448 -1.507814 -0.010036 0.027573 0.999567 -0.002312
1575281032.136887 -74.795101 15.192768 -1.511985 -0.010929 0.028368 0.999534 -0.002680
1575281032.240647 -76.175575 15.183531 -1.518161 -0.012133 0.028853 0.999505 -0.003226
1575281032.344517 -77.545680 15.172533 -1.526449 -0.011896 0.029220 0.999495 -0.003823
1575281032.448267 -78.912277 15.156851 -1.535295 -0.010073 0.029138 0.999516 -0.004147
1575281032.552037 -80.272471 15.140308 -1.538926 -0.008652 0.028213 0.999555 -0.004314
1575281032.655897 -81.636334 15.123058 -1.539482 -0.009353 0.027552 0.999567 -0.004360
1575281032.759767 -83.000067 15.107387 -1.542673 -0.011725 0.027604 0.999541 -0.004357
1575281032.863517 -84.354829 15.093459 -1.551239 -0.013065 0.027863 0.999517 -0.004395
1575281032.967387 -85.703994 15.079559 -1.561016 -0.012981 0.028173 0.999509 -0.004345
1575281033.071157 -87.046699 15.065695 -1.570714 -0.012206 0.028208 0.999519 -0.004161
1575281033.175017 -88.390304 15.049992 -1.576460 -0.011273 0.027880 0.999541 -0.003738
1575281033.278767 -89.727928 15.034714 -1.582860 -0.010773 0.027324 0.999563 -0.003279
1575281033.382517 -91.061201 15.019434 -1.588213 -0.011189 0.026735 0.999576 -0.002776
1575281033.486397 -92.397047 15.006822 -1.594846 -0.012062 0.026595 0.999571 -0.002454
1575281033.590147 -93.720705 14.995569 -1.601331 -0.011447 0.026591 0.999579 -0.002079
1575281033.693887 -95.044683 14.985109 -1.609597 -0.010892 0.026586 0.999586 -0.001789
1575281033.797647 -96.366037 14.976472 -1.616958 -0.011535 0.026684 0.999576 -0.001442
1575281033.901397 -97.684146 14.967714 -1.623660 -0.012228 0.026420 0.999576 -0.001091
1575281034.005267 -98.997411 14.960879 -1.633322 -0.012044 0.026360 0.999580 -0.000582
1575281034.109017 -100.304757 14.954674 -1.643787 -0.012247 0.026552 0.999572 -0.000186
1575281034.212767 -101.611324 14.950138 -1.652989 -0.012058 0.026599 0.999573 0.000205
1575281034.316547 -102.913724 14.944742 -1.662881 -0.012029 0.026467 0.999577 0.000526
1575281034.420417 -104.213215 14.942552 -1.672179 -0.012006 0.026694 0.999571 0.000849
1575281034.524147 -105.507070 14.939414 -1.681933 -0.011740 0.026353 0.999583 0.001164
1575281034.627897 -106.794065 14.938005 -1.690606 -0.011179 0.026319 0.999590 0.001557
1575281034.731767 -108.084118 14.937915 -1.698457 -0.010421 0.026477 0.999594 0.001763
1575281034.835517 -109.367275 14.939314 -1.706547 -0.010874 0.026703 0.999582 0.001984
1575281034.939277 -110.650816 14.940034 -1.713493 -0.012435 0.026555 0.999568 0.001973
1575281035.043147 -111.927095 14.941835 -1.724113 -0.011767 0.027017 0.999564 0.001903
1575281035.146907 -113.198796 14.941049 -1.734473 -0.011206 0.026720 0.999579 0.001770
1575281035.250767 -114.469535 14.941599 -1.742884 -0.011537 0.027049 0.999566 0.001782
1575281035.354517 -115.733059 14.942363 -1.751486 -0.011783 0.027438 0.999553 0.001662
1575281035.458287 -116.991219 14.942952 -1.759729 -0.012250 0.027613 0.999543 0.001472
1575281035.562147 -118.246086 14.942419 -1.768169 -0.012730 0.027435 0.999542 0.001374
1575281035.666017 -119.495730 14.941857 -1.778131 -0.012441 0.027568 0.999542 0.001327
1575281035.769767 -120.736528 14.940041 -1.788357 -0.012444 0.027322 0.999548 0.001317
1575281035.873527 -121.967395 14.939615 -1.796469 -0.012355 0.027374 0.999548 0.001413
1575281035.977397 -123.189634 14.939330 -1.804687 -0.012097 0.027124 0.999557 0.001678
1575281036.081277 -124.404158 14.939414 -1.812225 -0.012346 0.026621 0.999567 0.002323
1575281036.185017 -125.609935 14.940717 -1.820322 -0.012895 0.026057 0.999573 0.002946
1575281036.288897 -126.808195 14.942747 -1.829268 -0.013318 0.025416 0.999582 0.003540
1575281036.392647 -127.993397 14.947180 -1.838430 -0.012836 0.025121 0.999593 0.004209
1575281036.496517 -129.168225 14.954003 -1.847463 -0.011958 0.025232 0.999599 0.004797
1575281036.600397 -130.331859 14.962239 -1.855619 -0.011763 0.025437 0.999594 0.005112
1575281036.704147 -131.485288 14.971160 -1.862931 -0.012758 0.025889 0.999570 0.005121
1575281036.808027 -132.623053 14.979399 -1.870002 -0.013964 0.026169 0.999547 0.005008
1575281036.911897 -133.740981 14.990157 -1.878685 -0.014341 0.027202 0.999514 0.005044
1575281037.015647 -134.837561 15.002219 -1.886704 -0.013915 0.028167 0.999494 0.005022
1575281037.119517 -135.917944 15.007119 -1.897252 -0.014466 0.027260 0.999510 0.005186
1575281037.223397 -136.978281 15.015350 -1.905050 -0.016043 0.027332 0.999484 0.005173
1575281037.327267 -138.011057 15.023053 -1.916094 -0.015971 0.027359 0.999481 0.005847
1575281037.431277 -139.019819 15.030446 -1.928042 -0.015187 0.026721 0.999504 0.006818
1575281037.535147 -140.000510 15.040763 -1.936267 -0.015326 0.026509 0.999503 0.007496
1575281037.639027 -140.955416 15.053617 -1.943490 -0.015625 0.027021 0.999480 0.008051
1575281037.742907 -141.880610 15.067793 -1.950723 -0.015886 0.027555 0.999458 0.008435
1575281037.846787 -142.776654 15.080734 -1.958023 -0.015903 0.027997 0.999447 0.008246
1575281037.950787 -143.645521 15.092731 -1.965394 -0.015534 0.028921 0.999434 0.007324
1575281038.054527 -144.479320 15.101850 -1.972271 -0.014897 0.030759 0.999406 0.004381
1575281038.158397 -145.287580 15.102976 -1.978369 -0.014532 0.032967 0.999350 -0.001277
1575281038.262027 -146.068845 15.089487 -1.983803 -0.014236 0.034965 0.999235 -0.010164
1575281038.365647 -146.823887 15.055477 -1.985707 -0.014513 0.035668 0.999029 -0.021402
1575281038.469277 -147.549988 14.998897 -1.988080 -0.015859 0.035461 0.998662 -0.034144
1575281038.573037 -148.252669 14.920708 -1.990466 -0.017411 0.034780 0.998071 -0.048386
1575281038.676647 -148.922686 14.824889 -1.990031 -0.017561 0.034600 0.997203 -0.063874
1575281038.780277 -149.554641 14.709995 -1.987173 -0.016339 0.035228 0.995907 -0.081619
1575281038.883897 -150.165497 14.573541 -1.987862 -0.014354 0.036204 0.994024 -0.101974
1575281038.987527 -150.751506 14.412599 -1.988710 -0.012605 0.036838 0.991488 -0.124237
1575281039.091147 -151.290108 14.225908 -1.983947 -0.011586 0.036785 0.988224 -0.148077
1575281039.194777 -151.822389 14.018643 -1.973433 -0.011238 0.037362 0.983961 -0.174062
1575281039.298397 -152.302851 13.788982 -1.957751 -0.010658 0.038355 0.978595 -0.201908
1575281039.402147 -152.785229 13.529836 -1.944230 -0.009640 0.038162 0.972131 -0.231112
1575281039.505777 -153.245647 13.243550 -1.930507 -0.008929 0.038004 0.964500 -0.261181
1575281039.609547 -153.650201 12.931561 -1.914754 -0.008304 0.037676 0.955644 -0.291986
1575281039.713277 -154.062699 12.596874 -1.893772 -0.007976 0.037794 0.945445 -0.323484
1575281039.816897 -154.443914 12.238039 -1.871705 -0.007533 0.037142 0.933939 -0.355418
1575281039.920667 -154.758937 11.857178 -1.851739 -0.007490 0.036720 0.920747 -0.388355
1575281040.024277 -155.076358 11.456693 -1.833187 -0.007217 0.035770 0.906135 -0.421411
1575281040.128147 -155.321779 11.036303 -1.810753 -0.006644 0.033221 0.890557 -0.453608
1575281040.231917 -155.567754 10.604135 -1.784754 -0.005637 0.031161 0.874089 -0.484733
1575281040.335777 -155.783560 10.162756 -1.759942 -0.004262 0.029695 0.856568 -0.515161
1575281040.439647 -155.933171 9.712358 -1.734891 -0.003539 0.029313 0.838009 -0.544857
1575281040.543527 -156.088363 9.257160 -1.710603 -0.002645 0.029946 0.818453 -0.573786
1575281040.647397 -156.207037 8.796972 -1.683762 -0.000754 0.030302 0.798043 -0.601838
1575281040.751417 -156.257869 8.327674 -1.655970 0.001035 0.030009 0.776768 -0.629071
1575281040.855287 -156.308499 7.853713 -1.627562 0.002142 0.028130 0.754320 -0.655901
1575281040.959277 -156.293307 7.368474 -1.604899 0.000600 0.025482 0.730808 -0.682108
1575281041.063277 -156.284014 6.877738 -1.582999 0.002643 -0.022922 -0.706182 0.707655
1575281041.167297 -156.235784 6.384163 -1.558400 0.005629 -0.018800 -0.680593 0.732399
1575281041.271157 -156.109242 5.891355 -1.538309 0.008033 -0.013920 -0.654062 0.756271
1575281041.375147 -155.983632 5.403386 -1.516780 0.009099 -0.009365 -0.626390 0.779401
1575281041.479027 -155.788307 4.923252 -1.504724 0.009874 -0.007723 -0.597696 0.801625
1575281041.583027 -155.595616 4.448079 -1.499204 0.010312 -0.007206 -0.568074 0.822881
1575281041.687047 -155.365188 3.975110 -1.496036 0.011844 -0.005932 -0.537743 0.843005
1575281041.790907 -155.054370 3.510460 -1.496410 0.013469 -0.004068 -0.506819 0.861937
1575281041.894917 -154.745479 3.055411 -1.492916 0.014671 -0.002266 -0.475293 0.879702
1575281041.998907 -154.358812 2.618407 -1.486225 0.014501 -0.000793 -0.443653 0.896081
1575281042.102907 -153.973020 2.199278 -1.482104 0.013400 -0.000708 -0.412385 0.910911
1575281042.207027 -153.551077 1.798015 -1.482775 0.012967 -0.002413 -0.381402 0.924315
1575281042.311027 -153.067904 1.411231 -1.484469 0.013456 -0.004596 -0.350965 0.936281
1575281042.415147 -152.573960 1.046529 -1.482993 0.013538 -0.005187 -0.320644 0.947089
1575281042.519277 -152.015117 0.703114 -1.477305 0.013609 -0.004135 -0.290050 0.956906
1575281042.623277 -151.450118 0.395099 -1.472536 0.012904 -0.002568 -0.258452 0.965935
1575281042.727287 -150.857210 0.113335 -1.467974 0.013605 -0.002278 -0.226422 0.973932
1575281042.831397 -150.203409 -0.136340 -1.460692 0.013176 -0.001330 -0.194833 0.980747
1575281042.935547 -149.543965 -0.352187 -1.455540 0.012504 -0.000674 -0.165496 0.986131
1575281043.039667 -148.838103 -0.534640 -1.450613 0.009682 -0.000964 -0.138843 0.990267
1575281043.144027 -148.117049 -0.686188 -1.449545 0.006706 -0.001598 -0.115247 0.993313
1575281043.248277 -147.356099 -0.815828 -1.446365 0.004109 -0.001832 -0.094457 0.995519
1575281043.352657 -146.576915 -0.931150 -1.442052 0.003982 -0.001388 -0.076196 0.997084
1575281043.457027 -145.772170 -1.027306 -1.435949 0.003945 -0.000589 -0.059315 0.998231
1575281043.561397 -144.939648 -1.098181 -1.429182 0.003505 -0.000191 -0.044000 0.999025
1575281043.665777 -144.087536 -1.145573 -1.422552 0.001977 -0.000207 -0.030656 0.999528
1575281043.770147 -143.211922 -1.172968 -1.414457 -0.000412 -0.000577 -0.019559 0.999808
1575281043.874687 -142.317695 -1.185827 -1.408068 -0.002948 -0.001152 -0.011607 0.999928
1575281043.979177 -141.401332 -1.189527 -1.400434 -0.005491 -0.001843 -0.006734 0.999961
1575281044.083657 -140.465492 -1.194936 -1.391594 -0.007219 -0.001823 -0.004821 0.999961
1575281044.188177 -139.506776 -1.205690 -1.381375 -0.007667 -0.001447 -0.004351 0.999960
1575281044.292527 -138.529738 -1.217356 -1.372835 -0.007021 -0.000838 -0.003881 0.999967
1575281044.396927 -137.532331 -1.229726 -1.365660 -0.006723 -0.000370 -0.003286 0.999972
1575281044.501277 -136.518708 -1.237823 -1.359615 -0.005897 -0.000462 -0.002441 0.999980
1575281044.605527 -135.487705 -1.241110 -1.352675 -0.006074 -0.000776 -0.001290 0.999980
1575281044.709777 -134.435981 -1.242896 -1.344731 -0.005865 -0.000352 -0.000310 0.999983
1575281044.813907 -133.365622 -1.244385 -1.335347 -0.005855 0.000905 0.000602 0.999982
1575281044.918027 -132.278477 -1.245499 -1.327954 -0.005074 0.001457 0.001537 0.999985
1575281045.022157 -131.174005 -1.245121 -1.319070 -0.004904 0.000736 0.002337 0.999985
1575281045.126277 -130.052752 -1.240827 -1.311705 -0.004507 -0.000114 0.002945 0.999986
1575281045.230407 -128.913270 -1.234171 -1.302749 -0.004389 -0.000187 0.003556 0.999984
1575281045.334527 -127.757668 -1.224217 -1.293181 -0.004836 -0.000206 0.003924 0.999981
1575281045.438527 -126.589924 -1.214981 -1.282477 -0.005103 -0.000670 0.004113 0.999978
1575281045.542657 -125.401775 -1.206537 -1.271514 -0.005093 -0.001111 0.004078 0.999978
1575281045.646657 -124.198295 -1.197626 -1.258889 -0.005345 -0.000748 0.003765 0.999978
1575281045.750657 -122.978527 -1.189349 -1.245609 -0.005402 -0.000492 0.003296 0.999980
1575281045.854657 -121.747516 -1.182863 -1.231313 -0.005673 -0.001355 0.002550 0.999980
1575281045.958677 -120.504933 -1.179803 -1.215093 -0.005824 -0.003178 0.001605 0.999977
1575281046.062527 -119.244762 -1.178978 -1.196481 -0.005512 -0.004493 0.000738 0.999974
1575281046.166537 -117.964023 -1.178317 -1.175476 -0.004747 -0.004726 0.000227 0.999978
1575281046.270407 -116.670097 -1.179392 -1.153336 -0.004162 -0.004337 0.000286 0.999982
1575281046.374287 -115.361002 -1.179346 -1.129002 -0.003625 -0.004253 0.000816 0.999984
1575281046.478157 -114.041841 -1.176458 -1.106339 -0.003706 -0.005799 0.001427 0.999975
1575281046.582047 -112.707651 -1.168222 -1.083522 -0.003699 -0.006491 0.002625 0.999969
1575281046.685787 -111.352865 -1.156584 -1.059117 -0.003901 -0.005899 0.004160 0.999966
1575281046.789657 -109.984626 -1.142347 -1.033999 -0.003526 -0.005018 0.005448 0.999966
1575281046.893527 -108.604620 -1.124245 -1.008993 -0.004061 -0.005160 0.006139 0.999960
1575281046.997407 -107.211992 -1.105189 -0.986373 -0.003907 -0.005763 0.006747 0.999953
1575281047.101277 -105.802604 -1.084993 -0.962956 -0.003492 -0.006004 0.007342 0.999949
1575281047.205157 -104.379271 -1.062942 -0.938215 -0.003507 -0.006735 0.007812 0.999941
1575281047.308907 -102.943233 -1.036691 -0.911071 -0.004397 -0.006862 0.008335 0.999932
1575281047.412777 -101.489484 -1.011646 -0.884536 -0.004190 -0.006155 0.008434 0.999937
1575281047.516667 -100.017932 -0.982180 -0.858690 -0.005144 -0.004727 0.008261 0.999941
1575281047.620527 -98.539062 -0.957008 -0.834808 -0.005232 -0.003688 0.008040 0.999947
1575281047.724407 -97.035602 -0.933319 -0.816467 -0.004747 -0.002539 0.007896 0.999954
1575281047.828287 -95.524661 -0.909791 -0.798540 -0.005037 0.000539 0.007694 0.999958
1575281047.932027 -94.010663 -0.886292 -0.786292 -0.005196 0.003364 0.007598 0.999952
1575281048.035927 -92.499461 -0.862685 -0.778922 -0.005569 0.004799 0.007618 0.999944
1575281048.139657 -90.990026 -0.837970 -0.774578 -0.006456 0.005829 0.007640 0.999933
1575281048.243407 -89.483700 -0.816456 -0.770956 -0.006183 0.006215 0.007694 0.999932
1575281048.347277 -87.980873 -0.796372 -0.766046 -0.005934 0.005335 0.007879 0.999937
1575281048.451137 -86.474628 -0.777481 -0.759582 -0.005562 0.004054 0.007635 0.999947
1575281048.554907 -84.974857 -0.759233 -0.751041 -0.005264 0.003980 0.007198 0.999952
1575281048.658787 -83.461656 -0.742148 -0.744329 -0.005382 0.005370 0.006713 0.999949
1575281048.762567 -81.956715 -0.728813 -0.739409 -0.004496 0.005297 0.006400 0.999955
1575281048.866427 -80.452798 -0.716009 -0.734112 -0.004387 0.004421 0.006145 0.999962
1575281048.970167 -78.949562 -0.702768 -0.725939 -0.004240 0.004318 0.005821 0.999965
1575281049.073907 -77.446498 -0.691610 -0.719739 -0.003958 0.005420 0.005579 0.999962
1575281049.177677 -75.941096 -0.681687 -0.716924 -0.003473 0.006520 0.005271 0.999959
1575281049.281407 -74.438483 -0.672363 -0.717278 -0.003223 0.007317 0.005278 0.999954
1575281049.385167 -72.942858 -0.662219 -0.717363 -0.002996 0.006887 0.005499 0.999957
1575281049.489037 -71.450142 -0.649845 -0.715970 -0.003146 0.004628 0.005775 0.999968
1575281049.592797 -69.962871 -0.631628 -0.710017 -0.004753 0.003367 0.006123 0.999964
1575281049.696537 -68.469215 -0.615598 -0.702625 -0.005325 0.004332 0.006340 0.999956
1575281049.800407 -66.977705 -0.598616 -0.695652 -0.005997 0.005123 0.006499 0.999948
1575281049.904167 -65.495604 -0.587342 -0.689626 -0.004547 0.003782 0.006748 0.999960
1575281050.007907 -64.011505 -0.574393 -0.683165 -0.003968 0.004046 0.007181 0.999958
1575281050.111777 -62.531504 -0.560610 -0.676048 -0.003482 0.005711 0.007542 0.999949
1575281050.215537 -61.051380 -0.544853 -0.672850 -0.003028 0.004990 0.008079 0.999950
1575281050.319307 -59.581802 -0.526393 -0.665403 -0.002795 0.002828 0.008727 0.999954
1575281050.423037 -58.109500 -0.506120 -0.656267 -0.002484 0.003223 0.009342 0.999948
1575281050.526907 -56.633142 -0.481490 -0.648627 -0.002501 0.005764 0.009988 0.999930
1575281050.630677 -55.166035 -0.456137 -0.648021 -0.002337 0.005764 0.010646 0.999924
1575281050.734427 -53.703463 -0.427394 -0.647627 -0.002572 0.005133 0.011079 0.999922
1575281050.838287 -52.242008 -0.395330 -0.645773 -0.003184 0.005218 0.011066 0.999920
1575281050.942037 -50.783740 -0.363427 -0.641197 -0.003843 0.005273 0.011114 0.999917
1575281051.045907 -49.327978 -0.333638 -0.635446 -0.003887 0.005062 0.011201 0.999917
1575281051.149657 -47.874441 -0.305719 -0.628239 -0.003728 0.004648 0.011174 0.999920
1575281051.253407 -46.422876 -0.277666 -0.621216 -0.003406 0.004688 0.010925 0.999924
1575281051.357287 -44.973195 -0.251735 -0.614332 -0.002888 0.004733 0.010683 0.999928
1575281051.461037 -43.530245 -0.227849 -0.607631 -0.002146 0.004741 0.010385 0.999933
1575281051.564907 -42.083527 -0.203981 -0.600619 -0.001780 0.005572 0.010001 0.999933
1575281051.668787 -40.640844 -0.180148 -0.593727 -0.001884 0.005601 0.009555 0.999937
1575281051.772657 -39.201442 -0.156364 -0.587486 -0.002133 0.004934 0.009227 0.999943
1575281051.876537 -37.766815 -0.133623 -0.578979 -0.002403 0.003952 0.008789 0.999951
1575281051.980417 -36.332168 -0.110801 -0.569315 -0.003004 0.003642 0.008331 0.999954
1575281052.084317 -34.898963 -0.089045 -0.557825 -0.003973 0.004828 0.007918 0.999949
1575281052.188157 -33.467433 -0.070341 -0.548159 -0.004353 0.005686 0.007441 0.999947
1575281052.292157 -32.039576 -0.053350 -0.541313 -0.004539 0.005559 0.006876 0.999951
1575281052.396057 -30.617513 -0.039728 -0.534008 -0.004663 0.004764 0.006279 0.999958
1575281052.499907 -29.197622 -0.029395 -0.525557 -0.004128 0.003540 0.005529 0.999970
1575281052.603787 -27.780972 -0.019071 -0.515542 -0.004215 0.004022 0.004885 0.999971
1575281052.707667 -26.359116 -0.009666 -0.504479 -0.004519 0.005090 0.004189 0.999968
1575281052.811537 -24.951088 -0.003819 -0.495225 -0.004516 0.002740 0.003436 0.999980
1575281052.915407 -23.547103 0.002662 -0.480401 -0.005466 -0.000071 0.002799 0.999981
1575281053.019287 -22.143560 0.007050 -0.459477 -0.006038 -0.001209 0.002207 0.999979
1575281053.123177 -20.741979 0.009410 -0.432142 -0.005940 -0.001802 0.001723 0.999979
1575281053.226917 -19.343958 0.009888 -0.405373 -0.005688 -0.001791 0.001335 0.999981
1575281053.330797 -17.946663 0.009713 -0.379052 -0.005371 -0.000957 0.001170 0.999984
1575281053.434657 -16.552925 0.008536 -0.355133 -0.004938 0.000079 0.000983 0.999987
1575281053.538427 -15.168608 0.006770 -0.332787 -0.004322 0.000236 0.000869 0.999990
1575281053.642287 -13.785033 0.004429 -0.309949 -0.003899 -0.000785 0.001063 0.999992
1575281053.746057 -12.406148 0.003382 -0.287409 -0.003504 -0.001188 0.001361 0.999992
1575281053.849787 -11.029429 0.006694 -0.263322 -0.004103 -0.000646 0.001869 0.999990
1575281053.953537 -9.656544 0.009862 -0.239118 -0.004041 -0.000215 0.002478 0.999989
1575281054.057287 -8.286745 0.016237 -0.217863 -0.004372 -0.000073 0.003157 0.999985
1575281054.161157 -6.915464 0.022370 -0.196111 -0.004189 0.000547 0.003714 0.999984
1575281054.264927 -5.549321 0.029901 -0.174889 -0.003825 -0.000369 0.004249 0.999984
1575281054.368677 -4.184527 0.037726 -0.154708 -0.003390 -0.001248 0.004402 0.999984
1575281054.472537 -2.819598 0.048147 -0.129764 -0.003540 -0.001619 0.004541 0.999982
1575281054.576287 -1.457145 0.058853 -0.104552 -0.003783 -0.001481 0.004726 0.999981
1575281054.680157 -0.091249 0.071050 -0.077664 -0.004070 -0.000969 0.004872 0.999979
1575281054.783917 1.269011 0.084100 -0.054406 -0.004488 -0.001409 0.004933 0.999977
1575281054.887667 2.628817 0.095839 -0.028978 -0.004713 -0.001388 0.005071 0.999975
1575281054.991417 3.988086 0.107467 -0.005601 -0.004818 -0.001152 0.005178 0.999974
1575281055.095167 5.344348 0.119040 0.018949 -0.004960 -0.001231 0.005252 0.999973
1575281055.199037 6.704855 0.130203 0.044754 -0.004720 -0.001423 0.005349 0.999974
1575281055.302787 8.060447 0.141731 0.069918 -0.004761 -0.001716 0.005422 0.999972
1575281055.406537 9.416801 0.153919 0.094081 -0.004698 -0.001135 0.005442 0.999974
1575281055.510297 10.772282 0.168886 0.118235 -0.005567 -0.000504 0.005399 0.999970
1575281055.614157 12.124571 0.181704 0.143156 -0.005453 -0.000689 0.005394 0.999970
1575281055.717917 13.478877 0.193988 0.166901 -0.005451 -0.001108 0.005326 0.999970
1575281055.821787 14.832087 0.203707 0.193941 -0.005257 -0.001142 0.005251 0.999972
1575281055.925537 16.182917 0.213669 0.219796 -0.005346 -0.001112 0.005282 0.999971
1575281056.029417 17.535811 0.221521 0.245890 -0.004835 -0.000775 0.005260 0.999974
1575281056.133167 18.885553 0.230947 0.272681 -0.004771 -0.000569 0.005117 0.999975
1575281056.237057 20.235985 0.240677 0.298729 -0.004836 -0.000812 0.005121 0.999975
1575281056.340787 21.582980 0.249774 0.324227 -0.004689 -0.001350 0.005153 0.999975
1575281056.444667 22.929600 0.261243 0.349371 -0.005027 -0.001099 0.005361 0.999972
1575281056.548537 24.276386 0.272324 0.375690 -0.004963 -0.001002 0.005519 0.999972
1575281056.652287 25.617024 0.284167 0.400718 -0.005043 -0.001181 0.005776 0.999970
1575281056.756047 26.958711 0.296687 0.426539 -0.004936 -0.000449 0.006013 0.999970
1575281056.859917 28.297189 0.307888 0.450071 -0.004457 0.000261 0.006098 0.999971
1575281056.963667 29.628112 0.321509 0.471659 -0.004507 -0.000092 0.006028 0.999972
1575281057.067417 30.955294 0.332917 0.494236 -0.004038 -0.000610 0.005843 0.999975
1575281057.171267 32.287059 0.346743 0.517088 -0.004395 -0.000742 0.005675 0.999974
1575281057.275057 33.611336 0.357227 0.541393 -0.004088 -0.000471 0.005415 0.999977
1575281057.378787 34.931987 0.367447 0.565195 -0.003709 -0.000146 0.005161 0.999980
1575281057.482557 36.248626 0.376712 0.588608 -0.003597 -0.000218 0.004958 0.999981
1575281057.586297 37.560441 0.384073 0.611301 -0.002924 -0.000125 0.004822 0.999984
1575281057.690037 38.872246 0.391781 0.633908 -0.002503 0.000309 0.004734 0.999986
1575281057.793807 40.179763 0.401072 0.654968 -0.002217 0.000880 0.004927 0.999985
1575281057.897667 41.486358 0.411714 0.675523 -0.002161 0.001037 0.005430 0.999982
1575281058.001417 42.784808 0.423795 0.695330 -0.002360 0.000904 0.006017 0.999979
1575281058.105167 44.082646 0.443208 0.714518 -0.003731 0.001452 0.006549 0.999971
1575281058.208917 45.380212 0.461047 0.730987 -0.003961 0.003102 0.006924 0.999963
1575281058.312797 46.677569 0.481450 0.743224 -0.004434 0.004953 0.007275 0.999951
1575281058.416547 47.968949 0.500487 0.751202 -0.004581 0.006601 0.007684 0.999938
1575281058.520417 49.257504 0.520824 0.756428 -0.004733 0.007400 0.008234 0.999928
1575281058.624167 50.535615 0.540549 0.756893 -0.003847 0.006315 0.008663 0.999935
1575281058.728037 51.818320 0.566289 0.759618 -0.004530 0.005355 0.009148 0.999934
1575281058.831787 53.095186 0.591610 0.764776 -0.004833 0.005008 0.009698 0.999929
1575281058.935537 54.368993 0.617948 0.771804 -0.005234 0.005028 0.010267 0.999921
1575281059.039307 55.637598 0.646551 0.778027 -0.005363 0.004388 0.010780 0.999918
1575281059.143167 56.909888 0.675592 0.784685 -0.005468 0.004859 0.011332 0.999909
1575281059.246917 58.179360 0.705443 0.792111 -0.005410 0.005234 0.011849 0.999901
1575281059.350687 59.442709 0.735684 0.798849 -0.005517 0.005169 0.012244 0.999896
1575281059.454417 60.703356 0.768410 0.804900 -0.005720 0.004963 0.012572 0.999892
1575281059.558167 61.958150 0.798996 0.812040 -0.005371 0.004834 0.012824 0.999892
1575281059.662067 63.216301 0.830149 0.818775 -0.004623 0.004364 0.013164 0.999893
1575281059.765677 64.467479 0.861415 0.826245 -0.004189 0.004429 0.013583 0.999889
1575281059.869547 65.719496 0.894424 0.835379 -0.004153 0.005257 0.013959 0.999880
1575281059.973297 66.963112 0.928738 0.844598 -0.004414 0.004822 0.014205 0.999878
1575281060.077047 68.200848 0.965164 0.853048 -0.005276 0.003895 0.014342 0.999876
1575281060.180787 69.442688 1.003790 0.863851 -0.006446 0.004056 0.014363 0.999868
1575281060.284537 70.678521 1.041596 0.874315 -0.007695 0.004079 0.014208 0.999861
1575281060.388297 71.910223 1.078662 0.883593 -0.008735 0.004232 0.013701 0.999859
1575281060.492047 73.137411 1.111271 0.893085 -0.008825 0.005134 0.012748 0.999867
1575281060.595787 74.351551 1.141665 0.901881 -0.009294 0.005829 0.011910 0.999869
1575281060.699537 75.554158 1.164441 0.911297 -0.008210 0.005694 0.011169 0.999888
1575281060.803297 76.733080 1.181344 0.920737 -0.006659 0.003298 0.010290 0.999919
1575281060.907047 77.897427 1.202260 0.931480 -0.007336 0.003550 0.009183 0.999925
1575281061.010787 79.048418 1.219524 0.944968 -0.007268 0.006217 0.007803 0.999924
1575281061.114667 80.171084 1.232769 0.954394 -0.007673 0.006445 0.006292 0.999930
1575281061.218417 81.278689 1.242547 0.961945 -0.007820 0.004689 0.004427 0.999949
1575281061.322297 82.377551 1.245649 0.972980 -0.007403 0.002127 0.002912 0.999966
1575281061.426047 83.472332 1.243609 0.987035 -0.006507 -0.000730 0.001453 0.999978
1575281061.529917 84.567927 1.238198 1.002883 -0.005638 -0.001720 0.000220 0.999983
1575281061.633667 85.665958 1.231161 1.020426 -0.004948 -0.000573 -0.000648 0.999987
1575281061.737547 86.762147 1.226243 1.035165 -0.005119 0.000658 -0.001249 0.999986
1575281061.841297 87.847590 1.221693 1.048699 -0.005175 0.000204 -0.001752 0.999985
1575281061.945167 88.930168 1.214103 1.062756 -0.005188 -0.000955 -0.002214 0.999984
1575281062.049047 90.009178 1.206929 1.080088 -0.005430 -0.001362 -0.002665 0.999981
1575281062.152917 91.087038 1.197132 1.100019 -0.005291 -0.000334 -0.002936 0.999982
1575281062.256797 92.161217 1.186326 1.117772 -0.004664 0.000481 -0.002914 0.999985
1575281062.360667 93.230392 1.176300 1.131951 -0.004108 0.000878 -0.002728 0.999987
1575281062.464557 94.294057 1.166336 1.146832 -0.003178 0.001356 -0.002022 0.999992
1575281062.568417 95.356690 1.157345 1.161323 -0.002097 0.001405 -0.000535 0.999997
1575281062.672177 96.410455 1.152054 1.175338 -0.000967 0.000350 0.001291 0.999999
1575281062.776047 97.463853 1.153802 1.189161 -0.000802 -0.001424 0.003129 0.999994
1575281062.879927 98.519648 1.162154 1.203663 -0.001167 -0.003385 0.004999 0.999981
1575281062.983797 99.581801 1.175668 1.223367 -0.001628 -0.003966 0.007215 0.999965
1575281063.087667 100.648408 1.194160 1.242823 -0.001761 -0.003359 0.009835 0.999944
1575281063.191417 101.722642 1.219230 1.262201 -0.002116 -0.002526 0.013008 0.999910
1575281063.295297 102.800071 1.251157 1.281821 -0.001974 -0.001967 0.016493 0.999860
1575281063.399167 103.881166 1.291293 1.300475 -0.002313 -0.001830 0.020163 0.999792
1575281063.503047 104.969933 1.341158 1.318009 -0.003192 -0.001291 0.023303 0.999723
1575281063.606937 106.063908 1.398747 1.334587 -0.004911 -0.000642 0.025466 0.999663
1575281063.710797 107.161429 1.459931 1.351276 -0.006933 -0.000861 0.026171 0.999633
1575281063.814797 108.265459 1.521187 1.366538 -0.009269 -0.001368 0.025339 0.999635
1575281063.918797 109.375757 1.577937 1.382499 -0.011220 -0.001915 0.023250 0.999665
1575281064.022927 110.496453 1.627448 1.398098 -0.012441 -0.001657 0.020457 0.999712
1575281064.126917 111.623003 1.668930 1.412582 -0.013320 -0.000922 0.017137 0.999764
1575281064.231067 112.758382 1.700510 1.427654 -0.013807 -0.000659 0.013133 0.999818
1575281064.335047 113.895954 1.722479 1.441375 -0.014414 -0.001095 0.008473 0.999860
1575281064.439187 115.041230 1.733193 1.455110 -0.014747 -0.001585 0.003542 0.999884
1575281064.543167 116.193873 1.731429 1.469854 -0.014429 -0.001711 -0.001137 0.999894
1575281064.647297 117.356594 1.716230 1.487331 -0.013946 -0.002163 -0.005907 0.999883
1575281064.751297 118.522926 1.689971 1.504602 -0.012924 -0.002571 -0.010601 0.999857
1575281064.855297 119.699437 1.653392 1.522551 -0.012449 -0.002419 -0.014740 0.999811
1575281064.959317 120.881691 1.610180 1.540030 -0.012205 -0.001869 -0.018259 0.999757
1575281065.063177 122.072018 1.558122 1.558185 -0.012256 -0.001412 -0.021231 0.999698
1575281065.167187 123.274310 1.501313 1.574668 -0.012970 -0.001065 -0.023889 0.999630
1575281065.271047 124.482296 1.441574 1.591413 -0.014266 -0.000718 -0.026231 0.999554
1575281065.375047 125.700127 1.376817 1.606377 -0.015636 -0.000530 -0.028145 0.999481
1575281065.478927 126.926288 1.302369 1.619627 -0.015439 0.000200 -0.029671 0.999440
1575281065.582797 128.159542 1.225592 1.634670 -0.015415 0.000403 -0.030408 0.999419
1575281065.686677 129.402769 1.143749 1.649176 -0.014339 -0.001975 -0.030475 0.999431
1575281065.790547 130.657334 1.058336 1.663953 -0.012082 -0.002475 -0.030008 0.999474
1575281065.894307 131.926905 0.974959 1.682260 -0.010050 -0.000835 -0.028925 0.999531
1575281065.998047 133.205178 0.893592 1.696024 -0.007766 -0.000218 -0.027241 0.999599
1575281066.101937 134.497294 0.817270 1.707208 -0.005530 0.000935 -0.024772 0.999677
1575281066.205547 135.797090 0.747058 1.720309 -0.003123 0.001223 -0.021614 0.999761
1575281066.309307 137.104727 0.685733 1.730957 -0.001159 0.000369 -0.018244 0.999833
1575281066.413167 138.429936 0.634623 1.741847 0.000091 0.000389 -0.014976 0.999888
1575281066.516937 139.765050 0.594141 1.753545 0.000487 0.000831 -0.011797 0.999930
1575281066.620667 141.107222 0.562320 1.765825 0.000351 0.001376 -0.009009 0.999958
1575281066.724427 142.467481 0.542025 1.775929 -0.000500 0.002362 -0.006358 0.999977
1575281066.828297 143.833641 0.529300 1.785003 -0.001040 0.001916 -0.003686 0.999991
1575281066.932047 145.206853 0.523111 1.792361 -0.001464 0.000400 -0.001093 0.999998
1575281067.035797 146.590093 0.523372 1.804741 -0.002033 -0.000635 0.001329 0.999997
1575281067.139547 147.977820 0.526819 1.822870 -0.002046 -0.002835 0.003188 0.999989
1575281067.243427 149.381941 0.536311 1.844118 -0.002721 -0.004677 0.004309 0.999976
1575281067.347177 150.794907 0.548376 1.870429 -0.003091 -0.005081 0.005104 0.999969
1575281067.451047 152.217792 0.562175 1.899268 -0.003337 -0.004779 0.005926 0.999965
1575281067.554797 153.646122 0.577010 1.928766 -0.003579 -0.004215 0.006645 0.999963
1575281067.658547 155.082292 0.594950 1.956982 -0.003946 -0.003354 0.007405 0.999959
1575281067.762427 156.525326 0.613662 1.984225 -0.003977 -0.002729 0.008135 0.999955
1575281067.866177 157.966464 0.635616 2.010281 -0.004310 -0.002064 0.008996 0.999948
1575281067.969927 159.409569 0.658050 2.036517 -0.004117 -0.000973 0.009874 0.999942
1575281068.073667 160.849903 0.685462 2.059578 -0.004536 -0.000299 0.010804 0.999931
1575281068.177467 162.289789 0.714155 2.083080 -0.004778 -0.000683 0.011675 0.999920
1575281068.281267 163.727363 0.747147 2.106245 -0.005377 -0.001175 0.012308 0.999909
1575281068.385067 165.163486 0.781109 2.131948 -0.005752 -0.001453 0.012683 0.999902
1575281068.488867 166.599620 0.816519 2.157424 -0.006200 -0.002336 0.012800 0.999896
1575281068.592667 168.033368 0.851691 2.184128 -0.006718 -0.002478 0.012723 0.999893
1575281068.696467 169.474085 0.885641 2.211229 -0.006870 -0.001446 0.012556 0.999897
1575281068.800167 170.907551 0.919815 2.237125 -0.006942 -0.000724 0.012346 0.999899
1575281068.904067 172.339642 0.952346 2.262196 -0.007027 -0.000456 0.012033 0.999903
1575281069.007767 173.767208 0.985411 2.287150 -0.007565 -0.000345 0.011622 0.999904
1575281069.111667 175.189495 1.016052 2.312741 -0.007880 -0.000782 0.011118 0.999907
1575281069.215467 176.613827 1.045816 2.338589 -0.008308 -0.000911 0.010550 0.999909
1575281069.319167 178.032310 1.072477 2.365641 -0.008253 -0.001396 0.009833 0.999917
1575281069.422967 179.446328 1.095848 2.391454 -0.007552 -0.002245 0.009148 0.999927
1575281069.526767 180.860089 1.116220 2.419077 -0.006351 -0.002157 0.008453 0.999942
1575281069.630567 182.272128 1.135630 2.447001 -0.005663 -0.000843 0.007809 0.999953
1575281069.734267 183.683273 1.153914 2.472227 -0.005339 0.001304 0.007050 0.999960
1575281069.838067 185.084190 1.172621 2.490650 -0.005826 0.000847 0.006266 0.999963
1575281069.941767 186.478159 1.189990 2.508758 -0.006472 -0.000598 0.005450 0.999964
1575281070.045567 187.871078 1.204502 2.533320 -0.006529 -0.001285 0.004858 0.999966
1575281070.149267 189.264702 1.216294 2.559971 -0.006425 -0.001309 0.004226 0.999970
1575281070.253167 190.657675 1.226465 2.585810 -0.006050 -0.000256 0.003867 0.999974
1575281070.356967 192.044212 1.233930 2.609509 -0.005235 0.000669 0.003729 0.999979
1575281070.460667 193.424561 1.241513 2.631826 -0.004582 0.000393 0.003731 0.999982
1575281070.564467 194.800220 1.248695 2.653162 -0.003821 -0.000457 0.003851 0.999985
1575281070.668167 196.174810 1.257512 2.676877 -0.003801 -0.001210 0.004002 0.999984
1575281070.772067 197.546977 1.266566 2.702509 -0.003608 -0.001534 0.004100 0.999984
1575281070.875767 198.913995 1.276240 2.729692 -0.003937 -0.000891 0.004168 0.999983
1575281070.979567 200.279417 1.285893 2.755114 -0.004038 -0.000146 0.004266 0.999983
1575281071.083267 201.635938 1.295701 2.778518 -0.004142 -0.000009 0.004379 0.999982
1575281071.187067 202.994965 1.304076 2.801921 -0.004273 0.000195 0.004439 0.999981
1575281071.290967 204.347971 1.312871 2.826251 -0.004622 0.000202 0.004403 0.999980
1575281071.394667 205.694420 1.320288 2.849359 -0.004671 -0.000102 0.004498 0.999979
1575281071.498467 207.037890 1.327718 2.873523 -0.004519 -0.000313 0.004587 0.999979
1575281071.602167 208.376438 1.333618 2.898614 -0.004301 -0.000694 0.004646 0.999980
1575281071.706067 209.716892 1.341669 2.922413 -0.004313 -0.000323 0.004685 0.999980
1575281071.809867 211.051447 1.350159 2.946930 -0.004558 0.000027 0.004801 0.999978
1575281071.913567 212.377020 1.358991 2.969977 -0.004344 -0.000128 0.004941 0.999978
1575281072.017167 213.693523 1.368631 2.992138 -0.004216 -0.000046 0.005241 0.999977
1575281072.120967 214.993718 1.375870 3.015559 -0.003639 0.000640 0.005716 0.999977
1575281072.224667 216.275168 1.385014 3.039254 -0.003584 0.001658 0.006489 0.999971
1575281072.328467 217.534927 1.393672 3.061632 -0.003096 0.002782 0.007260 0.999965
1575281072.432267 218.770704 1.406570 3.083115 -0.003376 0.004006 0.007990 0.999954
1575281072.536067 219.979093 1.420973 3.103544 -0.003866 0.004023 0.008718 0.999946
1575281072.639767 221.157088 1.436309 3.121169 -0.003883 0.003520 0.009451 0.999942
1575281072.743667 222.313818 1.450478 3.142793 -0.003660 0.003730 0.010583 0.999930
1575281072.847467 223.439608 1.469174 3.164532 -0.003645 0.003594 0.012250 0.999912
1575281072.951167 224.534078 1.490089 3.184335 -0.003223 0.003340 0.014128 0.999889
1575281073.054967 225.596373 1.517141 3.204226 -0.003651 0.003173 0.015892 0.999862
1575281073.158767 226.632878 1.546750 3.225298 -0.003959 0.002990 0.017328 0.999838
1575281073.262567 227.633125 1.579755 3.246016 -0.005101 0.003112 0.018405 0.999813
1575281073.366467 228.604132 1.610967 3.265070 -0.005082 0.003731 0.019100 0.999798
1575281073.470267 229.542784 1.640854 3.284273 -0.005080 0.004648 0.019794 0.999780
1575281073.574067 230.445121 1.672159 3.301531 -0.005000 0.004877 0.020506 0.999765
1575281073.677967 231.317503 1.704440 3.317114 -0.005162 0.004793 0.021364 0.999747
1575281073.781767 232.157155 1.735769 3.330995 -0.004828 0.004570 0.022331 0.999729
1575281073.885667 232.964223 1.769420 3.345706 -0.005393 0.003759 0.023217 0.999709
1575281073.989667 233.749821 1.804132 3.361854 -0.006188 0.002496 0.023524 0.999701
1575281074.093567 234.522884 1.837990 3.377038 -0.006997 0.000494 0.022900 0.999713
1575281074.197567 235.296076 1.869673 3.392598 -0.007854 -0.001177 0.021055 0.999747
1575281074.301567 236.067927 1.895399 3.408052 -0.007746 -0.001678 0.018617 0.999795
1575281074.405567 236.838399 1.913770 3.422804 -0.006994 -0.001310 0.016485 0.999839
1575281074.509567 237.607300 1.928654 3.436935 -0.006152 -0.000723 0.014433 0.999877
1575281074.613567 238.369694 1.943674 3.450379 -0.005510 -0.000185 0.012282 0.999909
1575281074.717567 239.133538 1.960303 3.463852 -0.005532 -0.000033 0.010005 0.999935
1575281074.821567 239.890846 1.971298 3.477271 -0.005388 -0.000103 0.007732 0.999956
1575281074.925567 240.645454 1.979490 3.489154 -0.005423 -0.000119 0.005632 0.999969
1575281075.029567 241.396992 1.986657 3.500613 -0.005459 0.000076 0.003728 0.999978
1575281075.133467 242.144976 1.992633 3.511158 -0.005368 0.000604 0.001945 0.999984
1575281075.237467 242.890672 1.999077 3.519546 -0.005512 0.001285 0.000376 0.999984
1575281075.341467 243.633497 2.001499 3.528610 -0.005148 0.001524 -0.000583 0.999985
1575281075.445467 244.370602 2.005107 3.536734 -0.004921 0.001012 -0.001136 0.999987
1575281075.549467 245.107388 2.005604 3.546112 -0.004997 -0.000332 -0.001554 0.999986
1575281075.653467 245.848388 2.010126 3.553186 -0.005454 -0.002229 -0.001942 0.999981
1575281075.757267 246.594215 2.010287 3.563136 -0.005456 -0.003332 -0.002174 0.999977
1575281075.861267 247.347703 2.011125 3.575312 -0.005042 -0.003381 -0.001957 0.999980
1575281075.965267 248.104432 2.010723 3.588692 -0.004749 -0.003180 -0.001686 0.999982
1575281076.069267 248.865145 2.013552 3.600576 -0.005255 -0.003057 -0.001360 0.999981
1575281076.173267 249.631343 2.015258 3.614042 -0.005426 -0.003810 -0.001088 0.999977
1575281076.277367 250.398682 2.015740 3.627832 -0.004600 -0.005028 -0.001286 0.999976
1575281076.381267 251.171658 2.011322 3.641261 -0.003247 -0.005921 -0.001698 0.999976
1575281076.485267 251.954006 2.007986 3.653141 -0.002654 -0.004829 -0.002300 0.999982
1575281076.589267 252.744542 2.012118 3.666144 -0.004733 -0.001879 -0.002727 0.999983
1575281076.693267 253.542297 2.009596 3.680644 -0.004845 0.001121 -0.003408 0.999982
1575281076.797367 254.337255 2.000341 3.689948 -0.003841 0.001002 -0.004365 0.999983
1575281076.901467 255.132193 1.992917 3.697375 -0.004037 -0.002007 -0.005951 0.999972
1575281077.005467 255.932933 1.986096 3.705399 -0.004854 -0.004448 -0.007523 0.999950
1575281077.109467 256.739788 1.975595 3.718873 -0.005678 -0.004843 -0.008678 0.999934
1575281077.213467 257.559132 1.960515 3.736492 -0.005634 -0.004037 -0.009831 0.999928
1575281077.317467 258.381626 1.939861 3.753337 -0.004491 -0.002762 -0.010865 0.999927
1575281077.421467 259.209598 1.915252 3.766464 -0.002695 -0.002109 -0.011741 0.999925
1575281077.525467 260.040941 1.893541 3.779827 -0.002390 -0.002449 -0.012758 0.999913
1575281077.629467 260.877280 1.873944 3.794296 -0.003357 -0.003605 -0.013711 0.999894
1575281077.733467 261.721334 1.850616 3.808059 -0.004070 -0.005269 -0.014427 0.999874
1575281077.837467 262.574281 1.823926 3.822128 -0.004198 -0.006261 -0.015214 0.999856
1575281077.941467 263.441504 1.796469 3.839542 -0.004654 -0.005482 -0.016205 0.999843
1575281078.045467 264.316679 1.768730 3.858887 -0.005233 -0.004452 -0.017279 0.999827
1575281078.149467 265.201118 1.737877 3.877283 -0.005426 -0.004224 -0.017990 0.999815
1575281078.253467 266.093465 1.704386 3.894395 -0.005411 -0.004454 -0.018234 0.999809
1575281078.357467 266.994619 1.666464 3.912629 -0.004361 -0.004561 -0.018286 0.999813
1575281078.461467 267.903666 1.628053 3.931845 -0.003644 -0.004053 -0.018320 0.999817
1575281078.565467 268.821668 1.588735 3.952403 -0.003095 -0.003948 -0.018479 0.999817
1575281078.669467 269.746292 1.552735 3.972271 -0.002722 -0.003679 -0.018521 0.999818
1575281078.773467 270.678233 1.517608 3.991215 -0.002466 -0.003226 -0.018419 0.999822
1575281078.877267 271.612940 1.483941 4.009966 -0.002749 -0.002326 -0.018261 0.999827
1575281078.981267 272.550668 1.450756 4.030814 -0.002601 -0.002001 -0.017812 0.999836
1575281079.085267 273.486215 1.419695 4.050522 -0.002642 -0.002133 -0.016967 0.999850
1575281079.189267 274.421893 1.392177 4.068362 -0.002758 -0.002653 -0.015818 0.999868
1575281079.293267 275.357105 1.369131 4.087107 -0.003483 -0.003024 -0.014505 0.999884
1575281079.397167 276.290772 1.349456 4.107072 -0.004307 -0.003111 -0.013160 0.999899
1575281079.501167 277.224695 1.332384 4.126672 -0.004892 -0.002837 -0.011775 0.999915
1575281079.605167 278.157187 1.317932 4.146464 -0.005389 -0.002146 -0.010498 0.999928
1575281079.709167 279.090631 1.305208 4.166147 -0.005408 -0.001139 -0.009244 0.999942
1575281079.813067 280.018126 1.293572 4.184560 -0.005473 -0.000459 -0.008127 0.999952
1575281079.917067 280.942772 1.284783 4.201219 -0.005584 -0.000100 -0.007070 0.999959
1575281080.021067 281.864582 1.277009 4.216704 -0.005775 0.000033 -0.006130 0.999965
1575281080.125067 282.783465 1.269464 4.231711 -0.005338 -0.000024 -0.005327 0.999972
1575281080.229067 283.698929 1.263086 4.247342 -0.005181 -0.000265 -0.004606 0.999976
1575281080.333067 284.610212 1.259594 4.262573 -0.005199 -0.000396 -0.003874 0.999979
1575281080.437067 285.509477 1.258257 4.278093 -0.005581 -0.000014 -0.003135 0.999980
1575281080.541067 286.392672 1.257276 4.294448 -0.005519 0.000524 -0.002507 0.999981
1575281080.645067 287.253370 1.258680 4.311621 -0.006141 0.000318 -0.002022 0.999979
1575281080.749067 288.097046 1.263427 4.328542 -0.007374 -0.000763 -0.001735 0.999971
1575281080.853067 288.927257 1.266529 4.345082 -0.008646 -0.002279 -0.001619 0.999959
1575281080.957067 289.753633 1.267714 4.362753 -0.009478 -0.003396 -0.001604 0.999948
1575281081.061067 290.578440 1.269288 4.382264 -0.010335 -0.003700 -0.001774 0.999938
1575281081.165067 291.402642 1.270150 4.400502 -0.011324 -0.003980 -0.002027 0.999926
1575281081.269067 292.222728 1.269091 4.418747 -0.011906 -0.004374 -0.002483 0.999916
1575281081.373067 293.037524 1.267247 4.440013 -0.012889 -0.004866 -0.003250 0.999900
1575281081.477067 293.849475 1.263132 4.462965 -0.013494 -0.005017 -0.004036 0.999888
1575281081.581067 294.657418 1.257917 4.484777 -0.013979 -0.004428 -0.004643 0.999882
1575281081.685067 295.466213 1.250160 4.507100 -0.013740 -0.003453 -0.005088 0.999887
1575281081.789067 296.269811 1.242371 4.528481 -0.013157 -0.002359 -0.005016 0.999898
1575281081.892967 297.069279 1.234331 4.547826 -0.012528 -0.001321 -0.004376 0.999911
1575281081.996967 297.866904 1.228955 4.565155 -0.012135 -0.000520 -0.003610 0.999920
1575281082.100767 298.663059 1.224086 4.580565 -0.011703 -0.000131 -0.002865 0.999927
1575281082.204767 299.461528 1.219415 4.594019 -0.011121 0.000422 -0.002144 0.999936
1575281082.308767 300.262240 1.215150 4.605755 -0.010230 0.000675 -0.001161 0.999947
