1575281493.236672 0.000000 -0.000000 0.000000 0.000000 -0.000000 0.000000 1.000000
1575281493.340547 0.091558 0.002320 0.001529 -0.000230 0.000131 0.003193 0.999995
1575281493.444566 0.185753 0.005240 0.003264 -0.000486 0.000050 0.006707 0.999977
1575281493.548422 0.283465 0.010078 0.004962 -0.000628 -0.000292 0.010467 0.999945
1575281493.652294 0.387248 0.017982 0.003754 -0.000931 -0.001029 0.015040 0.999886
1575281493.756171 0.501046 0.028115 0.003089 -0.001022 -0.001957 0.020693 0.999783
1575281493.860049 0.627950 0.040624 0.002819 -0.000962 -0.002484 0.027449 0.999620
1575281493.963794 0.767248 0.057754 0.002989 -0.000967 -0.002551 0.035497 0.999366
1575281494.067546 0.919945 0.077452 0.003499 -0.000311 -0.002626 0.044813 0.998992
1575281494.171294 1.083308 0.102853 0.004243 0.000405 -0.002708 0.054826 0.998492
1575281494.275076 1.253633 0.135181 0.007423 0.000492 -0.002903 0.065939 0.997819
1575281494.378799 1.428942 0.177944 0.012821 -0.001212 -0.003740 0.078098 0.996938
1575281494.482545 1.608724 0.230265 0.019997 -0.003458 -0.004925 0.090930 0.995839
1575281494.586299 1.794913 0.289337 0.027211 -0.005263 -0.005594 0.104523 0.994493
1575281494.689925 1.987685 0.354130 0.030185 -0.005678 -0.006014 0.119512 0.992798
1575281494.793669 2.184144 0.429439 0.032334 -0.006597 -0.006048 0.135288 0.990766
1575281494.897444 2.383042 0.516137 0.035421 -0.007723 -0.005888 0.151734 0.988374
1575281495.001046 2.583763 0.609340 0.037642 -0.008672 -0.005772 0.169270 0.985515
1575281495.104674 2.780477 0.712591 0.039902 -0.010052 -0.006150 0.186808 0.982326
1575281495.208422 2.977166 0.830549 0.036847 -0.011702 -0.006478 0.204514 0.978772
1575281495.312170 3.174173 0.953431 0.032568 -0.012153 -0.006624 0.223269 0.974658
1575281495.415798 3.371391 1.079738 0.028261 -0.010276 -0.007007 0.243068 0.969930
1575281495.519547 3.568565 1.216029 0.027461 -0.007668 -0.006966 0.263996 0.964468
1575281495.623176 3.760277 1.374391 0.031018 -0.008052 -0.005999 0.286427 0.958050
1575281495.726816 3.944412 1.557707 0.036912 -0.011318 -0.005102 0.310446 0.950510
1575281495.830292 4.123978 1.751352 0.040415 -0.012980 -0.005189 0.335297 0.942009
1575281495.934001 4.302389 1.955491 0.043386 -0.013167 -0.005472 0.360919 0.932488
1575281496.037562 4.482491 2.168730 0.044010 -0.010528 -0.004421 0.387219 0.921917
1575281496.141313 4.655526 2.402444 0.044756 -0.008215 -0.003614 0.413742 0.910350
1575281496.244920 4.817715 2.655683 0.046523 -0.007397 -0.002498 0.439726 0.898098
1575281496.348673 4.970907 2.930021 0.047341 -0.007089 -0.001166 0.466065 0.884721
1575281496.452423 5.112077 3.221016 0.046867 -0.006776 -0.000355 0.492554 0.870255
1575281496.556046 5.239155 3.529988 0.045699 -0.007095 0.000453 0.518512 0.855041
1575281496.659798 5.353947 3.861162 0.042385 -0.007445 0.001523 0.543984 0.839061
1575281496.763565 5.453217 4.210512 0.039832 -0.008035 0.002081 0.568827 0.822415
1575281496.867320 5.541010 4.580767 0.039870 -0.008346 0.003973 0.592549 0.805481
1575281496.971067 5.618367 4.963753 0.041141 -0.007885 0.006063 0.614858 0.788575
1575281497.074923 5.676985 5.361651 0.040313 -0.007132 0.006871 0.635326 0.772181
1575281497.178794 5.712942 5.779486 0.036646 -0.008171 0.006092 0.653815 0.756586
1575281497.282956 5.734120 6.214448 0.029738 -0.009134 0.004997 0.670051 0.742242
1575281497.386938 5.743775 6.663246 0.020882 -0.009228 0.003701 0.684174 0.729251
1575281497.491052 5.742822 7.126732 0.013777 -0.008168 0.002807 0.696758 0.717254
1575281497.595184 5.732850 7.603270 0.010053 -0.007073 0.001927 0.708071 0.706103
1575281497.699318 5.706974 8.097441 0.006076 -0.006764 0.000928 0.717511 0.696513
1575281497.803557 5.671975 8.605960 -0.000247 -0.006161 -0.000191 0.724881 0.688847
1575281497.907922 5.631511 9.133620 -0.008076 -0.005585 -0.000639 0.730522 0.682866
1575281498.012172 5.584326 9.676702 -0.012168 -0.005372 -0.000175 0.735057 0.677985
1575281498.116631 5.530357 10.233374 -0.011276 -0.006408 -0.000016 0.738390 0.674343
1575281498.220922 5.468760 10.807330 -0.009056 -0.007827 -0.000255 0.740675 0.671817
1575281498.325174 5.408815 11.394363 -0.012828 -0.008179 0.000001 0.742209 0.670119
1575281498.429550 5.349582 11.999332 -0.020239 -0.007348 0.000898 0.742794 0.669479
1575281498.533826 5.287576 12.619806 -0.025686 -0.007263 0.002310 0.742579 0.669715
1575281498.638173 5.222017 13.256022 -0.026034 -0.008552 0.003037 0.742076 0.670254
1575281498.742421 5.153895 13.907659 -0.028463 -0.009598 0.002356 0.741434 0.670954
1575281498.846680 5.084521 14.569351 -0.035383 -0.009178 0.000820 0.740873 0.671582
1575281498.950925 5.017883 15.249833 -0.045006 -0.009233 0.000620 0.740455 0.672042
1575281499.055049 4.951877 15.947472 -0.055359 -0.009901 0.001569 0.739931 0.672608
1575281499.159195 4.883719 16.661723 -0.062799 -0.011506 0.002438 0.739293 0.673281
1575281499.263444 4.816163 17.390587 -0.068958 -0.013083 0.003150 0.738659 0.673944
1575281499.367548 4.749443 18.129302 -0.081659 -0.013085 0.002364 0.738043 0.674623
1575281499.471695 4.681656 18.881726 -0.097365 -0.012836 0.000624 0.737402 0.675332
1575281499.575697 4.614461 19.645930 -0.110821 -0.012991 -0.000135 0.736861 0.675919
1575281499.679815 4.554239 20.431099 -0.123430 -0.012868 0.001566 0.736304 0.676526
1575281499.783943 4.493673 21.222859 -0.133668 -0.012785 0.003125 0.735912 0.676949
1575281499.887952 4.430383 22.022969 -0.144264 -0.013351 0.004188 0.735449 0.677436
1575281499.992052 4.366621 22.822784 -0.154174 -0.011853 0.002762 0.735222 0.677717
1575281500.096049 4.305988 23.627706 -0.162391 -0.008629 0.000682 0.735079 0.677926
1575281500.200050 4.247793 24.447506 -0.172092 -0.005625 0.000271 0.735084 0.677953
1575281500.304049 4.186575 25.277052 -0.177467 -0.004876 0.000626 0.735259 0.677768
1575281500.407928 4.118144 26.120410 -0.177623 -0.008396 0.003202 0.735184 0.677808
1575281500.511944 4.048009 26.967380 -0.181783 -0.011337 0.005134 0.735275 0.677654
1575281500.615944 3.974157 27.813446 -0.189899 -0.014207 0.006454 0.735349 0.677509
1575281500.719923 3.898942 28.658514 -0.198845 -0.015159 0.006108 0.735460 0.677371
1575281500.823943 3.826085 29.498077 -0.210297 -0.014049 0.004869 0.735609 0.677243
1575281500.927801 3.755292 30.335102 -0.223845 -0.012775 0.003810 0.735777 0.677093
1575281501.031803 3.682525 31.177083 -0.235899 -0.013776 0.003683 0.735753 0.677099
1575281501.135675 3.610634 32.016096 -0.243090 -0.015183 0.004244 0.735665 0.677162
1575281501.239676 3.536838 32.856986 -0.252115 -0.015096 0.003561 0.735668 0.677165
1575281501.343677 3.465761 33.687872 -0.263209 -0.013463 0.001556 0.735546 0.677339
1575281501.447676 3.396135 34.521483 -0.272036 -0.012214 -0.000429 0.735429 0.677491
1575281501.551678 3.327727 35.358054 -0.276046 -0.012414 -0.000258 0.735279 0.677651
1575281501.655552 3.261547 36.195487 -0.275877 -0.013107 0.001035 0.735016 0.677922
1575281501.759549 3.194809 37.036349 -0.280010 -0.014574 0.002754 0.734844 0.678074
1575281501.863571 3.127988 37.878043 -0.288080 -0.016297 0.004906 0.734610 0.678276
1575281501.967423 3.061302 38.713042 -0.297323 -0.017782 0.006210 0.734639 0.678197
1575281502.071428 2.996071 39.545721 -0.309485 -0.017444 0.006119 0.734552 0.678301
1575281502.175428 2.930005 40.375724 -0.325378 -0.016108 0.004962 0.734513 0.678385
1575281502.279430 2.862628 41.202247 -0.337352 -0.014657 0.003125 0.734399 0.678552
1575281502.383303 2.790544 42.029048 -0.347773 -0.015101 0.000841 0.734253 0.678707
1575281502.487324 2.719010 42.855349 -0.358337 -0.015516 -0.001022 0.734400 0.678538
1575281502.591177 2.654285 43.679182 -0.363344 -0.014482 -0.001108 0.734639 0.678303
1575281502.695201 2.593726 44.502752 -0.368929 -0.011868 -0.000989 0.735105 0.677848
1575281502.799175 2.531483 45.325164 -0.375197 -0.009532 -0.000293 0.735379 0.677589
1575281502.903057 2.465169 46.147780 -0.377322 -0.010405 0.001113 0.735931 0.676975
1575281503.007052 2.398193 46.972640 -0.378015 -0.012211 0.004017 0.736523 0.676290
1575281503.110921 2.331743 47.789097 -0.380990 -0.012938 0.006085 0.737125 0.675605
1575281503.214805 2.263637 48.599048 -0.386455 -0.012164 0.006012 0.737722 0.674968
1575281503.318802 2.185493 49.401392 -0.391175 -0.012402 0.003583 0.738050 0.674623
1575281503.422682 2.105684 50.198284 -0.397090 -0.012412 0.000765 0.738465 0.674177
1575281503.526682 2.023044 50.994599 -0.404245 -0.013406 -0.001282 0.738819 0.673769
1575281503.630552 1.943030 51.788976 -0.406138 -0.014737 -0.001604 0.739125 0.673405
1575281503.734432 1.867831 52.582464 -0.408549 -0.015171 -0.000905 0.739443 0.673048
1575281503.838422 1.790059 53.368708 -0.412001 -0.015675 -0.001672 0.739740 0.672708
1575281503.942302 1.713085 54.150925 -0.412770 -0.016015 -0.002095 0.739927 0.672493
1575281504.046322 1.640452 54.930295 -0.416164 -0.016076 -0.001064 0.740113 0.672289
1575281504.150182 1.568061 55.705753 -0.418153 -0.016590 0.000227 0.740217 0.672164
1575281504.254182 1.491193 56.479000 -0.422293 -0.018446 0.001534 0.740184 0.672150
1575281504.358052 1.416557 57.243306 -0.428507 -0.019350 0.002390 0.740328 0.671963
1575281504.462052 1.344669 57.999330 -0.436964 -0.019137 0.002483 0.740577 0.671694
1575281504.565952 1.273149 58.746599 -0.443889 -0.018231 0.002103 0.740746 0.671534
1575281504.669932 1.200499 59.479305 -0.449022 -0.016830 0.000990 0.740798 0.671516
1575281504.773822 1.128188 60.205447 -0.453020 -0.015927 0.000021 0.740798 0.671539
1575281504.877802 1.058612 60.914271 -0.455273 -0.015185 -0.001000 0.740385 0.672010
1575281504.981802 0.990753 61.609139 -0.455180 -0.015643 -0.001962 0.739595 0.672867
1575281505.085812 0.928584 62.289146 -0.453158 -0.016392 -0.001906 0.738290 0.674282
1575281505.189932 0.875029 62.954501 -0.451884 -0.016443 -0.001192 0.736305 0.676449
1575281505.293932 0.827362 63.604537 -0.450032 -0.016721 -0.000287 0.733892 0.679061
1575281505.398052 0.783451 64.239591 -0.448759 -0.017533 -0.000107 0.730935 0.682221
1575281505.502182 0.746169 64.859077 -0.449000 -0.018870 -0.000229 0.726809 0.686581
1575281505.606302 0.718981 65.460587 -0.451612 -0.020421 -0.000655 0.721778 0.691823
1575281505.710582 0.706563 66.044927 -0.454963 -0.021319 -0.000681 0.715346 0.698445
1575281505.814802 0.709301 66.606438 -0.457477 -0.021801 -0.000716 0.707678 0.706198
1575281505.919062 0.731438 67.146400 -0.458774 -0.021727 -0.000248 0.698651 0.715133
1575281506.023452 0.774395 67.660579 -0.459949 -0.020667 0.000271 0.688315 0.725118
1575281506.127802 0.835174 68.153040 -0.459261 -0.020037 0.000884 0.675986 0.736642
1575281506.232182 0.912145 68.626392 -0.459517 -0.019540 0.001409 0.662029 0.749222
1575281506.336552 1.005919 69.077972 -0.458587 -0.019070 0.001624 0.646676 0.762525
1575281506.441052 1.122925 69.525588 -0.458034 -0.018741 0.002687 0.629128 0.777071
1575281506.545432 1.261801 69.951284 -0.456279 -0.017307 0.003717 0.609906 0.792276
1575281506.649932 1.431941 70.366885 -0.454605 -0.013222 0.005337 0.589285 0.807800
1575281506.754302 1.621277 70.759202 -0.455857 -0.009728 0.006047 0.567377 0.823379
1575281506.858802 1.833035 71.148669 -0.461542 -0.006404 0.006853 0.544105 0.838965
1575281506.963182 2.057135 71.519427 -0.468117 -0.006049 0.007120 0.520147 0.854026
1575281507.067432 2.301910 71.884531 -0.472078 -0.005321 0.007780 0.496587 0.867936
1575281507.171802 2.571538 72.230032 -0.474357 -0.002192 0.010265 0.473375 0.880798
1575281507.276052 2.863408 72.542689 -0.476209 0.002847 0.013812 0.449748 0.893044
1575281507.380322 3.156860 72.850904 -0.476624 0.004752 0.013125 0.425462 0.904869
1575281507.484552 3.455394 73.138996 -0.478201 0.004857 0.009615 0.400454 0.916254
1575281507.588822 3.775260 73.425458 -0.485944 0.005808 0.003789 0.374244 0.927304
1575281507.693052 4.118862 73.693311 -0.491819 0.005453 -0.001206 0.346831 0.937911
1575281507.797302 4.496112 73.960743 -0.492259 0.005192 -0.002759 0.318757 0.947818
1575281507.901552 4.903159 74.211934 -0.492860 0.005708 -0.003612 0.290578 0.956827
1575281508.005682 5.330474 74.441294 -0.491147 0.004673 -0.005223 0.262510 0.964904
1575281508.109832 5.789697 74.667173 -0.483080 0.003737 -0.004306 0.235911 0.971758
1575281508.213822 6.270048 74.874284 -0.477485 0.000755 -0.004235 0.211646 0.977337
1575281508.317832 6.772219 75.075178 -0.477512 -0.001792 -0.005473 0.189298 0.981903
1575281508.421682 7.301957 75.261213 -0.473647 -0.004046 -0.005199 0.169889 0.985441
1575281508.525432 7.853290 75.430005 -0.464937 -0.004642 -0.003872 0.153832 0.988079
1575281508.629152 8.426396 75.589713 -0.457234 -0.003971 -0.002922 0.141118 0.989980
1575281508.732862 9.018287 75.740819 -0.453421 -0.003770 -0.001740 0.130048 0.991499
1575281508.836582 9.629309 75.889757 -0.447175 -0.005004 -0.000305 0.120586 0.992690
1575281508.940282 10.254247 76.035634 -0.442111 -0.006999 0.000004 0.112645 0.993611
1575281509.043992 10.896713 76.175148 -0.436813 -0.009250 0.000924 0.105658 0.994359
1575281509.147682 11.555888 76.299232 -0.435734 -0.008443 0.000943 0.098903 0.995061
1575281509.251432 12.231799 76.416493 -0.435910 -0.008441 0.000916 0.091924 0.995730
1575281509.355222 12.923979 76.529245 -0.436490 -0.008637 0.001251 0.084504 0.996385
1575281509.459032 13.633365 76.633521 -0.434606 -0.009287 0.001538 0.077219 0.996970
1575281509.562812 14.351274 76.730320 -0.428881 -0.009431 0.000391 0.070714 0.997452
1575281509.666562 15.083654 76.820848 -0.423463 -0.010279 -0.001765 0.064975 0.997832
1575281509.770432 15.825399 76.902520 -0.421458 -0.009144 -0.005140 0.060017 0.998142
1575281509.874192 16.584215 76.980085 -0.417706 -0.008900 -0.005693 0.055855 0.998383
1575281509.977932 17.356406 77.058838 -0.406479 -0.009645 -0.002437 0.052430 0.998575
1575281510.081812 18.132121 77.139476 -0.392345 -0.011740 0.001650 0.049859 0.998686
1575281510.185562 18.906556 77.212723 -0.383439 -0.012212 0.004296 0.047714 0.998777
1575281510.289302 19.672963 77.277480 -0.379158 -0.011256 0.003369 0.045971 0.998874
1575281510.393092 20.440471 77.342343 -0.374755 -0.011409 0.002897 0.044320 0.998948
1575281510.496952 21.211660 77.403036 -0.370787 -0.010591 0.003886 0.042876 0.999017
1575281510.600672 21.982490 77.459649 -0.366249 -0.009595 0.005396 0.041650 0.999072
1575281510.704562 22.754135 77.511303 -0.359521 -0.008377 0.006513 0.040089 0.999140
1575281510.808332 23.517334 77.559394 -0.352119 -0.008073 0.005124 0.038679 0.999206
1575281510.912182 24.277433 77.613459 -0.350410 -0.009481 0.001242 0.037642 0.999246
1575281511.016062 25.036844 77.670001 -0.342996 -0.009884 -0.002604 0.036789 0.999271
1575281511.119812 25.793313 77.724375 -0.334731 -0.010271 -0.005032 0.036160 0.999281
1575281511.223682 26.560735 77.780171 -0.322248 -0.011164 -0.004080 0.035199 0.999310
1575281511.327552 27.319964 77.842255 -0.302360 -0.012581 -0.002255 0.034049 0.999338
1575281511.431432 28.079121 77.901928 -0.283507 -0.014412 0.000465 0.032979 0.999352
1575281511.535182 28.832179 77.952150 -0.271728 -0.013378 0.001381 0.031848 0.999402
1575281511.639062 29.580996 77.995422 -0.259586 -0.011827 0.001273 0.031284 0.999440
1575281511.742932 30.333313 78.039074 -0.246823 -0.010867 0.001581 0.030861 0.999463
1575281511.846802 31.086259 78.083786 -0.236747 -0.010910 0.000787 0.030235 0.999483
1575281511.950582 31.841880 78.124939 -0.224949 -0.009870 -0.000251 0.029926 0.999503
1575281512.054432 32.604928 78.167753 -0.211843 -0.009074 0.000052 0.029596 0.999521
1575281512.158312 33.371785 78.219410 -0.200979 -0.010589 0.000292 0.029168 0.999518
1575281512.262182 34.142033 78.269148 -0.190032 -0.010543 -0.000184 0.029154 0.999519
1575281512.366062 34.918184 78.320048 -0.174606 -0.010607 -0.000215 0.030031 0.999493
1575281512.469932 35.703109 78.368083 -0.164257 -0.009354 0.000086 0.031083 0.999473
1575281512.573682 36.489326 78.423013 -0.152304 -0.009853 -0.000224 0.032622 0.999419
1575281512.677562 37.285534 78.485045 -0.138030 -0.011793 -0.000128 0.034138 0.999348
1575281512.781432 38.079525 78.547361 -0.126549 -0.012621 -0.002241 0.035418 0.999290
1575281512.885182 38.877128 78.609119 -0.115935 -0.012636 -0.004732 0.036709 0.999235
1575281512.989062 39.688063 78.669135 -0.109494 -0.012062 -0.005193 0.037660 0.999204
1575281513.092932 40.506927 78.732778 -0.095930 -0.012535 -0.004615 0.038754 0.999160
1575281513.196812 41.337440 78.797667 -0.081850 -0.012166 -0.003929 0.039843 0.999124
1575281513.300682 42.173711 78.859233 -0.074141 -0.011192 -0.003350 0.040814 0.999098
1575281513.404602 43.017857 78.926292 -0.064698 -0.010902 -0.001480 0.041371 0.999083
1575281513.508562 43.868903 78.995659 -0.051303 -0.010605 0.000855 0.041846 0.999067
1575281513.612432 44.723519 79.065107 -0.040257 -0.010547 0.002255 0.041629 0.999075
1575281513.716422 45.583341 79.139796 -0.032054 -0.012327 0.002144 0.040578 0.999098
1575281513.820312 46.443972 79.210713 -0.025735 -0.012373 0.001557 0.039647 0.999136
1575281513.924182 47.307734 79.275673 -0.017531 -0.011252 0.000464 0.038852 0.999182
1575281514.028202 48.176476 79.334546 -0.007835 -0.009233 -0.000394 0.038051 0.999233
1575281514.132062 49.047037 79.396736 0.000442 -0.008518 -0.000400 0.037091 0.999275
1575281514.235932 49.924302 79.460394 0.014259 -0.007635 0.000801 0.036551 0.999302
1575281514.339942 50.802063 79.518818 0.026013 -0.006027 0.002228 0.036236 0.999323
1575281514.443812 51.675423 79.580832 0.035681 -0.005502 0.002424 0.035802 0.999341
1575281514.547792 52.542594 79.646885 0.044354 -0.006403 0.001156 0.035271 0.999357
1575281514.651712 53.400504 79.714529 0.053959 -0.007825 -0.001796 0.034905 0.999358
1575281514.755682 54.259028 79.780084 0.067900 -0.008769 -0.004466 0.034376 0.999361
1575281514.859572 55.110936 79.848134 0.088515 -0.011165 -0.007797 0.033998 0.999329
1575281514.963562 55.964573 79.909716 0.110557 -0.011509 -0.008220 0.033473 0.999340
1575281515.067432 56.816757 79.967930 0.131310 -0.009662 -0.005689 0.033402 0.999379
1575281515.171312 57.674082 80.028865 0.154565 -0.009315 -0.000269 0.033667 0.999390
1575281515.275332 58.525905 80.093716 0.176335 -0.009842 0.004196 0.034285 0.999355
1575281515.379292 59.361220 80.149302 0.187342 -0.007864 0.002311 0.035577 0.999333
1575281515.483212 60.190768 80.204316 0.197288 -0.004862 0.000731 0.036682 0.999315
1575281515.587062 61.020574 80.266085 0.211281 -0.004653 0.000323 0.038004 0.999267
1575281515.691062 61.844106 80.334640 0.227324 -0.005371 -0.001073 0.039259 0.999214
1575281515.795042 62.662172 80.407664 0.243539 -0.006358 -0.002737 0.041001 0.999135
1575281515.898942 63.476469 80.475871 0.260170 -0.006700 -0.004603 0.043011 0.999042
1575281516.002812 64.284942 80.548339 0.282236 -0.007370 -0.006861 0.044609 0.998954
1575281516.106832 65.094148 80.628096 0.307140 -0.010103 -0.006607 0.046122 0.998863
1575281516.210692 65.902319 80.707018 0.328243 -0.011489 -0.006039 0.047914 0.998767
1575281516.314682 66.709599 80.789799 0.352414 -0.013078 -0.003485 0.049906 0.998662
1575281516.418662 67.514714 80.875848 0.371553 -0.013413 -0.000053 0.051905 0.998562
1575281516.522582 68.311864 80.961906 0.386379 -0.012985 0.001556 0.054381 0.998435
1575281516.626442 69.101179 81.053898 0.397968 -0.012723 0.001779 0.057641 0.998255
1575281516.730432 69.892675 81.147844 0.407674 -0.011319 0.003597 0.060691 0.998086
1575281516.834312 70.673917 81.248970 0.416721 -0.011383 0.003577 0.063935 0.997883
1575281516.938182 71.445951 81.366467 0.425551 -0.013743 0.003129 0.066910 0.997659
1575281517.042212 72.213668 81.484643 0.432360 -0.014768 0.001153 0.069734 0.997456
1575281517.146062 72.976481 81.600803 0.439807 -0.014401 -0.000378 0.072798 0.997243
1575281517.250062 73.739766 81.725114 0.449778 -0.015343 -0.000773 0.075478 0.997029
1575281517.353942 74.499175 81.860436 0.461652 -0.016054 0.000979 0.077807 0.996839
1575281517.457942 75.258031 81.994508 0.473357 -0.016347 0.003298 0.080844 0.996587
1575281517.561812 76.009659 82.131278 0.488964 -0.016068 0.004618 0.084065 0.996320
1575281517.665812 76.752816 82.267463 0.495531 -0.015103 0.003020 0.087532 0.996043
1575281517.769692 77.489925 82.410071 0.500023 -0.013947 -0.000900 0.091730 0.995686
1575281517.873562 78.228272 82.556860 0.511773 -0.012735 -0.002112 0.096296 0.995269
1575281517.977432 78.968169 82.716555 0.530764 -0.012942 -0.000226 0.101711 0.994730
1575281518.081312 79.705980 82.882116 0.540101 -0.012118 0.002052 0.107477 0.994132
1575281518.185182 80.444670 83.059829 0.552364 -0.012751 0.006023 0.113485 0.993440
1575281518.289062 81.175874 83.237966 0.559611 -0.012947 0.008380 0.119185 0.992752
1575281518.392942 81.891798 83.423618 0.564417 -0.014768 0.005827 0.125039 0.992025
1575281518.496812 82.597399 83.616642 0.566120 -0.014669 0.000633 0.131159 0.991253
1575281518.600682 83.308154 83.812041 0.563108 -0.013988 -0.001821 0.137471 0.990405
1575281518.704562 84.031986 84.014848 0.562734 -0.012666 0.000158 0.143827 0.989522
1575281518.808462 84.755930 84.236759 0.570742 -0.013042 0.004269 0.149781 0.988624
1575281518.912312 85.476820 84.466332 0.575360 -0.013203 0.007070 0.155855 0.987666
1575281519.016192 86.187256 84.698045 0.574298 -0.011266 0.006321 0.162407 0.986639
1575281519.120062 86.892424 84.939917 0.573072 -0.010546 0.003791 0.168421 0.985651
1575281519.224062 87.595027 85.191810 0.576121 -0.009523 0.001128 0.173136 0.984851
1575281519.327942 88.297014 85.445412 0.579423 -0.007719 -0.002272 0.177151 0.984151
1575281519.431942 89.001050 85.711172 0.585643 -0.007671 -0.003321 0.181047 0.983439
1575281519.535962 89.702756 85.991561 0.597973 -0.010362 -0.003925 0.185070 0.982663
1575281519.639812 90.398877 86.276500 0.599057 -0.010769 -0.002654 0.189227 0.981871
1575281519.743692 91.103398 86.563936 0.592447 -0.010191 0.000211 0.193475 0.981052
1575281519.847692 91.809290 86.858793 0.589781 -0.009707 0.004063 0.197183 0.980310
1575281519.951562 92.507603 87.173870 0.592551 -0.014320 0.007242 0.200371 0.979589
1575281520.055562 93.193540 87.497625 0.583398 -0.018724 0.005702 0.203307 0.978919
1575281520.159562 93.877684 87.809640 0.570961 -0.017751 0.001291 0.206349 0.978317
1575281520.263562 94.567343 88.115971 0.560364 -0.014311 -0.001972 0.209061 0.977796
1575281520.367562 95.260756 88.434551 0.559096 -0.014500 -0.002890 0.211150 0.977342
1575281520.471442 95.960128 88.767844 0.562537 -0.017430 -0.000695 0.213460 0.976796
1575281520.575312 96.661480 89.096845 0.569232 -0.018422 0.001417 0.216279 0.976157
1575281520.679332 97.360776 89.425077 0.572434 -0.016752 0.001444 0.219159 0.975544
1575281520.783192 98.047885 89.759039 0.574278 -0.016364 -0.001920 0.221608 0.974997
1575281520.887192 98.733728 90.097621 0.572977 -0.015607 -0.005611 0.224140 0.974416
1575281520.991062 99.419800 90.442993 0.578899 -0.016067 -0.006752 0.226734 0.973801
1575281521.095082 100.111344 90.796737 0.589581 -0.017501 -0.004593 0.228877 0.973287
1575281521.198972 100.798145 91.150103 0.599441 -0.017989 -0.003663 0.231145 0.972746
1575281521.302822 101.482214 91.500296 0.607101 -0.018421 -0.003362 0.233636 0.972144
1575281521.406692 102.160375 91.853558 0.614228 -0.017746 -0.003385 0.236077 0.971566
1575281521.510712 102.834968 92.207457 0.620916 -0.016685 -0.003696 0.238361 0.971026
1575281521.614562 103.505255 92.566597 0.627484 -0.016472 -0.003243 0.240654 0.970466
1575281521.718562 104.170650 92.932432 0.633968 -0.016938 -0.003326 0.242915 0.969894
1575281521.822442 104.830721 93.297072 0.639944 -0.017461 -0.003069 0.245272 0.969292
1575281521.926332 105.480706 93.658646 0.648021 -0.016359 -0.005017 0.247747 0.968674
1575281522.030342 106.124869 94.022731 0.656988 -0.015254 -0.007017 0.250099 0.968075
1575281522.134192 106.763008 94.386164 0.664424 -0.014662 -0.008537 0.252237 0.967517
1575281522.238192 107.405172 94.758997 0.671322 -0.015057 -0.006949 0.254182 0.967014
1575281522.342062 108.042538 95.129917 0.681567 -0.016117 -0.002705 0.255948 0.966552
1575281522.446062 108.674087 95.496324 0.691220 -0.016018 0.002274 0.257461 0.966153
1575281522.549942 109.290574 95.852946 0.696076 -0.015101 0.005324 0.258997 0.965745
1575281522.653942 109.892462 96.201430 0.694335 -0.013212 0.005571 0.260608 0.965338
1575281522.757812 110.473222 96.545916 0.693713 -0.012680 0.003746 0.262308 0.964894
1575281522.861692 111.039614 96.886396 0.693004 -0.012076 0.002465 0.263865 0.964481
1575281522.965712 111.592588 97.221856 0.691533 -0.011448 0.002053 0.265316 0.964091
1575281523.069572 112.130737 97.543451 0.691629 -0.010392 0.001911 0.266567 0.963758
1575281523.173442 112.652650 97.859209 0.695364 -0.010536 0.002531 0.267785 0.963418
1575281523.277442 113.155680 98.166122 0.698778 -0.010345 0.003486 0.268920 0.963101
1575281523.381322 113.637160 98.457599 0.698909 -0.009520 0.003946 0.270174 0.962756
1575281523.485192 114.098322 98.737214 0.699838 -0.008359 0.004300 0.271423 0.962414
1575281523.589072 114.535771 99.007672 0.700603 -0.007906 0.004016 0.272464 0.962125
1575281523.692942 114.951395 99.273637 0.707136 -0.008599 0.002220 0.273538 0.961820
1575281523.796942 115.348521 99.526456 0.713030 -0.007962 0.000163 0.274905 0.961438
1575281523.900712 115.730074 99.767726 0.714385 -0.006235 -0.000507 0.276908 0.960876
1575281524.004572 116.098271 100.002357 0.713982 -0.003857 0.000304 0.279252 0.960210
1575281524.108462 116.443666 100.233914 0.716230 -0.003948 0.000882 0.282189 0.959350
1575281524.212322 116.769291 100.463713 0.720614 -0.005751 0.001447 0.285360 0.958402
1575281524.316212 117.077154 100.686950 0.726460 -0.008368 0.002690 0.288443 0.957457
1575281524.419942 117.370941 100.900183 0.730570 -0.010426 0.005753 0.291658 0.956449
1575281524.523812 117.647588 101.098006 0.732736 -0.010811 0.007882 0.295499 0.955249
1575281524.627572 117.906193 101.281677 0.732869 -0.009113 0.009015 0.299922 0.953878
1575281524.731332 118.150700 101.458861 0.733858 -0.007457 0.009881 0.305406 0.952142
1575281524.835062 118.376745 101.631862 0.734870 -0.006315 0.010820 0.312156 0.949948
1575281524.938822 118.583972 101.804972 0.736970 -0.006353 0.011272 0.319972 0.947339
1575281525.042442 118.770969 101.975812 0.738419 -0.007285 0.010782 0.328924 0.944267
1575281525.146192 118.948487 102.140443 0.743289 -0.007059 0.009792 0.339046 0.940692
1575281525.249822 119.109630 102.300172 0.745782 -0.006608 0.007088 0.349499 0.936886
1575281525.353572 119.258008 102.453817 0.745505 -0.005518 0.004589 0.359819 0.932995
1575281525.457322 119.397122 102.614711 0.743048 -0.006422 0.001767 0.370017 0.929001
1575281525.561072 119.528074 102.786076 0.740029 -0.009386 -0.000703 0.380105 0.924895
1575281525.664842 119.658194 102.953799 0.739818 -0.011061 -0.001540 0.390826 0.920397
1575281525.768442 119.795454 103.124098 0.735733 -0.009778 -0.000494 0.402257 0.915475
1575281525.872202 119.928548 103.296318 0.732505 -0.008710 0.000548 0.414164 0.910160
1575281525.975942 120.047001 103.471810 0.729376 -0.008964 0.001565 0.426870 0.904267
1575281526.079572 120.158441 103.659040 0.725654 -0.011325 0.002005 0.440225 0.897814
1575281526.183322 120.262396 103.843531 0.723331 -0.013059 0.002930 0.453534 0.891139
1575281526.287072 120.365778 104.032751 0.722960 -0.014446 0.003479 0.467005 0.884130
1575281526.390692 120.458873 104.226579 0.722461 -0.016211 0.003415 0.480283 0.876957
1575281526.494442 120.539196 104.419589 0.722347 -0.018843 0.003397 0.493496 0.869537
1575281526.598322 120.619583 104.619410 0.723226 -0.020702 0.003757 0.507023 0.861676
1575281526.701942 120.701253 104.821425 0.725606 -0.020470 0.003897 0.521117 0.853231
1575281526.805692 120.772215 105.030251 0.726180 -0.019674 0.002623 0.535999 0.843985
1575281526.909462 120.847053 105.267988 0.721861 -0.018419 0.000775 0.551539 0.833945
1575281527.013092 120.908274 105.517361 0.716785 -0.017685 -0.000138 0.568487 0.822502
1575281527.116712 120.975495 105.796538 0.710300 -0.017313 -0.000318 0.586085 0.810065
1575281527.220322 121.035959 106.091797 0.705254 -0.016758 -0.000762 0.604054 0.796767
1575281527.324072 121.073034 106.392612 0.696923 -0.015553 -0.001432 0.622921 0.782129
1575281527.427692 121.109316 106.722437 0.688714 -0.014749 -0.001837 0.642106 0.766472
1575281527.531442 121.129573 107.070301 0.680760 -0.014590 -0.001761 0.661118 0.750138
1575281527.635092 121.120135 107.411716 0.675804 -0.014830 -0.000983 0.680211 0.732866
1575281527.738812 121.113160 107.784366 0.672929 -0.014637 0.001000 0.699439 0.714541
1575281527.842572 121.071869 108.148994 0.671534 -0.014153 0.003028 0.718303 0.695580
1575281527.946332 121.024638 108.542174 0.668446 -0.013469 0.004895 0.736689 0.676080
1575281528.050072 120.954744 108.944737 0.664866 -0.013025 0.006436 0.754404 0.656250
1575281528.153822 120.848916 109.337426 0.661916 -0.012886 0.007541 0.771278 0.636324
1575281528.257692 120.734973 109.758121 0.655041 -0.012214 0.008835 0.787189 0.616528
1575281528.361442 120.599845 110.188067 0.648118 -0.010864 0.010697 0.802456 0.596517
1575281528.465342 120.423895 110.617509 0.640099 -0.009459 0.012455 0.816960 0.576482
1575281528.569192 120.232593 111.067500 0.630682 -0.008214 0.014216 0.830519 0.556748
1575281528.673072 120.003747 111.512330 0.621373 -0.007222 0.015549 0.843180 0.537359
1575281528.777092 119.755213 111.974042 0.610535 -0.006464 0.016349 0.854750 0.518742
1575281528.881072 119.473957 112.444044 0.597665 -0.006274 0.016580 0.864785 0.501829
1575281528.985322 119.162850 112.911964 0.584701 -0.006245 0.016307 0.873181 0.487084
1575281529.089442 118.831050 113.394645 0.571253 -0.006408 0.015362 0.879855 0.474951
1575281529.193722 118.480472 113.879545 0.563370 -0.006220 0.014272 0.885079 0.465180
1575281529.297962 118.112236 114.380114 0.553891 -0.006634 0.013660 0.889066 0.457527
1575281529.402342 117.730329 114.892593 0.544520 -0.006713 0.014080 0.892260 0.451253
1575281529.506572 117.333150 115.418641 0.534128 -0.006769 0.014645 0.895020 0.445733
1575281529.610842 116.919750 115.953834 0.523620 -0.006923 0.015331 0.897247 0.441209
1575281529.715092 116.489511 116.494984 0.512013 -0.007344 0.015136 0.899028 0.437568
1575281529.819342 116.046860 117.046188 0.498857 -0.007588 0.014932 0.900603 0.434321
1575281529.923572 115.592607 117.607982 0.485699 -0.007636 0.015112 0.901861 0.431695
1575281530.027782 115.125713 118.183445 0.471481 -0.007582 0.015569 0.902790 0.429733
1575281530.131822 114.648727 118.764929 0.456443 -0.007570 0.016211 0.903464 0.428290
1575281530.236162 114.157387 119.361819 0.440481 -0.007521 0.016415 0.903772 0.427633
1575281530.340222 113.657279 119.966870 0.425634 -0.007202 0.016416 0.903988 0.427181
1575281530.444322 113.146518 120.586139 0.409520 -0.006723 0.016354 0.904216 0.426710
1575281530.548452 112.624344 121.217495 0.392325 -0.006078 0.016430 0.904391 0.426346
1575281530.652562 112.090125 121.860142 0.374058 -0.006377 0.016654 0.904617 0.425853
1575281530.756702 111.541866 122.503904 0.353833 -0.007695 0.016562 0.904877 0.425281
1575281530.860822 110.983851 123.160962 0.335506 -0.008973 0.016567 0.905215 0.424536
1575281530.964822 110.421981 123.821617 0.315833 -0.009030 0.016667 0.905526 0.423867
1575281531.068952 109.853158 124.494334 0.294409 -0.007837 0.016582 0.905818 0.423271
1575281531.172952 109.275455 125.176493 0.272051 -0.006974 0.016701 0.906058 0.422767
1575281531.276952 108.690074 125.873215 0.252150 -0.006252 0.017575 0.906327 0.422165
1575281531.380952 108.095972 126.580061 0.233707 -0.005683 0.018695 0.906557 0.421632
1575281531.484952 107.492951 127.289590 0.216743 -0.004583 0.018101 0.906900 0.420932
1575281531.588952 106.882893 128.007473 0.201725 -0.002766 0.017162 0.907213 0.420312
1575281531.692822 106.265520 128.732691 0.191663 -0.001188 0.015589 0.907463 0.419841
1575281531.796822 105.635709 129.467014 0.184768 -0.001447 0.014201 0.907440 0.419939
1575281531.900822 105.000210 130.211250 0.181091 -0.002471 0.013865 0.907413 0.420004
1575281532.004822 104.360842 130.963591 0.175715 -0.003999 0.014139 0.907427 0.419953
1575281532.108702 103.726308 131.716710 0.169347 -0.004967 0.015177 0.907439 0.419880
1575281532.212692 103.092549 132.476843 0.160765 -0.005564 0.016281 0.907466 0.419774
1575281532.316572 102.458479 133.234752 0.152372 -0.005879 0.016778 0.907493 0.419692
1575281532.420602 101.821784 133.991895 0.143020 -0.005966 0.017078 0.907493 0.419677
1575281532.524452 101.183317 134.746668 0.132649 -0.006375 0.016405 0.907548 0.419580
1575281532.628422 100.545223 135.505317 0.124053 -0.006883 0.016580 0.907542 0.419577
1575281532.732502 99.903924 136.270711 0.116834 -0.007643 0.016690 0.907574 0.419491
1575281532.836252 99.266145 137.030122 0.107291 -0.008088 0.017029 0.907599 0.419414
1575281532.940302 98.626014 137.790472 0.095573 -0.008029 0.017080 0.907734 0.419121
1575281533.044542 97.982408 138.554626 0.080707 -0.007334 0.017271 0.907875 0.418821
1575281533.147952 97.347434 139.314025 0.071175 -0.006971 0.017429 0.908094 0.418345
1575281533.251952 96.707117 140.078634 0.062989 -0.006969 0.017701 0.908272 0.417948
1575281533.355812 96.067014 140.834604 0.053503 -0.007006 0.017402 0.908492 0.417481
1575281533.459702 95.426334 141.591159 0.044857 -0.006848 0.016947 0.908649 0.417161
1575281533.563602 94.786220 142.342073 0.034809 -0.006544 0.016409 0.908782 0.416897
1575281533.667442 94.145575 143.102251 0.028782 -0.006628 0.015984 0.908759 0.416961
1575281533.771662 93.500270 143.860161 0.022129 -0.007612 0.014641 0.908729 0.417060
1575281533.875342 92.859451 144.615834 0.015703 -0.008011 0.014028 0.908507 0.417558
1575281533.979212 92.222026 145.369760 0.008762 -0.007571 0.013265 0.908238 0.418176
1575281534.083082 91.586355 146.123894 0.002564 -0.007148 0.012039 0.907859 0.419042
1575281534.187072 90.952503 146.884453 -0.002186 -0.006835 0.012354 0.907458 0.419906
1575281534.291272 90.317389 147.648850 -0.007545 -0.007595 0.013414 0.907170 0.420482
1575281534.394902 89.686463 148.413224 -0.017361 -0.009331 0.015783 0.906820 0.421118
1575281534.499132 89.052795 149.182140 -0.029696 -0.011802 0.018478 0.906540 0.421550
1575281534.602602 88.423639 149.942128 -0.043676 -0.012948 0.019231 0.906378 0.421832
1575281534.706492 87.796329 150.697376 -0.064016 -0.010675 0.018293 0.906355 0.421985
1575281534.810252 87.169597 151.452059 -0.083825 -0.008493 0.017167 0.906386 0.422016
1575281534.914082 86.539881 152.208036 -0.100529 -0.008234 0.017255 0.906343 0.422110
1575281535.017882 85.907428 152.966761 -0.112504 -0.009876 0.017589 0.906361 0.422021
1575281535.121732 85.280052 153.721502 -0.126560 -0.010615 0.018416 0.906386 0.421915
1575281535.225472 84.657030 154.472981 -0.141916 -0.009541 0.018563 0.906535 0.421614
1575281535.329412 84.032614 155.221277 -0.158496 -0.008593 0.018386 0.906730 0.421223
1575281535.433122 83.406874 155.967900 -0.174067 -0.009165 0.018315 0.906898 0.420853
1575281535.536842 82.780487 156.714378 -0.189443 -0.010910 0.019427 0.907004 0.420532
1575281535.640752 82.156972 157.458584 -0.207536 -0.012553 0.020432 0.907141 0.420142
1575281535.744462 81.535216 158.201966 -0.227707 -0.012322 0.021089 0.907286 0.419804
1575281535.848222 80.917089 158.936037 -0.248246 -0.011480 0.021281 0.907466 0.419429
1575281535.951962 80.299272 159.660064 -0.266911 -0.010455 0.021111 0.907599 0.419178
1575281536.055862 79.680101 160.383078 -0.285078 -0.010335 0.019939 0.907609 0.419215
1575281536.159592 79.061455 161.103576 -0.300594 -0.010692 0.018714 0.907391 0.419734
1575281536.263522 78.446114 161.825911 -0.316728 -0.010735 0.017977 0.907254 0.420062
1575281536.367222 77.832500 162.545855 -0.332730 -0.011181 0.017249 0.907089 0.420437
1575281536.471102 77.221488 163.265204 -0.348452 -0.011612 0.016584 0.906926 0.420803
1575281536.575002 76.614545 163.984608 -0.364648 -0.011711 0.017021 0.906765 0.421130
1575281536.678722 76.011520 164.701934 -0.380921 -0.011227 0.016391 0.906669 0.421374
1575281536.782582 75.408687 165.418005 -0.397225 -0.010861 0.015743 0.906510 0.421751
1575281536.886442 74.810567 166.135915 -0.412601 -0.010642 0.016231 0.906400 0.421975
1575281536.990322 74.216633 166.854235 -0.427049 -0.010611 0.017808 0.906209 0.422321
1575281537.094172 73.624052 167.568934 -0.440693 -0.010800 0.018445 0.906145 0.422427
1575281537.197952 73.037987 168.283057 -0.452992 -0.009550 0.017880 0.906072 0.422638
1575281537.301862 72.460954 168.996778 -0.467166 -0.007463 0.017743 0.905999 0.422843
1575281537.405722 71.884947 169.700892 -0.481727 -0.006304 0.017811 0.905793 0.423299
1575281537.509462 71.318143 170.400381 -0.481100 -0.007474 0.016492 0.905628 0.423687
1575281537.613332 70.756894 171.090565 -0.481886 -0.008266 0.016425 0.905578 0.423781
1575281537.717212 70.205085 171.778261 -0.482174 -0.008282 0.016400 0.905626 0.423679
1575281537.820982 69.661247 172.450409 -0.484805 -0.007914 0.016294 0.905671 0.423593
1575281537.924892 69.124945 173.115452 -0.487502 -0.007730 0.016475 0.905660 0.423615
1575281538.028852 68.595258 173.767677 -0.490575 -0.007787 0.016242 0.905688 0.423563
1575281538.132542 68.073190 174.409132 -0.492262 -0.008141 0.015855 0.905671 0.423607
1575281538.236382 67.556454 175.043887 -0.496137 -0.008159 0.015788 0.905722 0.423498
1575281538.340222 67.047816 175.670431 -0.501075 -0.008384 0.016100 0.905788 0.423342
1575281538.444002 66.544700 176.290736 -0.506323 -0.009286 0.016629 0.905823 0.423227
1575281538.547892 66.046911 176.902655 -0.512132 -0.010184 0.017308 0.905851 0.423120
1575281538.651912 65.551875 177.497627 -0.516419 -0.010776 0.018197 0.905840 0.423091
1575281538.755612 65.061044 178.075327 -0.520507 -0.011022 0.019080 0.905899 0.422920
1575281538.859652 64.577026 178.639493 -0.524179 -0.010927 0.020136 0.905942 0.422782
1575281538.963212 64.106662 179.194003 -0.530136 -0.010678 0.020674 0.906042 0.422547
1575281539.067762 63.632282 179.734239 -0.533673 -0.010951 0.020543 0.906246 0.422109
1575281539.170982 63.179795 180.260073 -0.540172 -0.010568 0.021298 0.906473 0.421595
1575281539.274852 62.730660 180.778189 -0.545372 -0.009582 0.021794 0.907000 0.420458
1575281539.378722 62.291949 181.287083 -0.550755 -0.008460 0.022799 0.907933 0.418409
1575281539.482592 61.855183 181.783088 -0.555596 -0.007520 0.023952 0.909314 0.415352
1575281539.586352 61.423993 182.266375 -0.562400 -0.006755 0.025152 0.911383 0.410734
1575281539.690102 60.992864 182.736196 -0.569460 -0.006457 0.026352 0.913759 0.405349
1575281539.793892 60.559304 183.188611 -0.574417 -0.006173 0.027221 0.916488 0.399088
1575281539.897642 60.127383 183.631190 -0.579871 -0.005872 0.028456 0.919730 0.391474
1575281540.001222 59.698636 184.066680 -0.587153 -0.004943 0.030310 0.923543 0.382264
1575281540.104982 59.264322 184.480858 -0.596262 -0.004094 0.032027 0.927796 0.371689
1575281540.208602 58.822345 184.874272 -0.609215 -0.004114 0.032619 0.932601 0.359408
1575281540.312232 58.375501 185.233689 -0.620313 -0.004927 0.031898 0.937765 0.345768
1575281540.415842 57.924427 185.572759 -0.632960 -0.006028 0.030591 0.943080 0.331101
1575281540.519592 57.468892 185.889733 -0.644554 -0.007053 0.029071 0.948616 0.315014
1575281540.623212 57.004860 186.168480 -0.661900 -0.007851 0.027977 0.954321 0.297368
1575281540.726832 56.543485 186.441069 -0.675689 -0.008571 0.028364 0.960197 0.277746
1575281540.830542 56.080246 186.683821 -0.687281 -0.009282 0.026306 0.966263 0.256042
1575281540.934082 55.609785 186.873891 -0.697160 -0.009394 0.022606 0.972070 0.233411
1575281541.037832 55.139875 187.050588 -0.707746 -0.009359 0.016629 0.977324 0.210888
1575281541.141582 54.669483 187.204101 -0.717704 -0.008899 0.012155 0.982005 0.188251
1575281541.245272 54.194416 187.322193 -0.719249 -0.007700 0.008519 0.986288 0.164634
1575281541.348962 53.723888 187.443614 -0.722151 -0.006681 0.007420 0.990070 0.140217
1575281541.452732 53.244052 187.521372 -0.725579 -0.006735 0.006992 0.993278 0.115347
1575281541.556452 52.767232 187.595469 -0.722702 -0.007371 0.007020 0.995840 0.090544
1575281541.660302 52.288428 187.636113 -0.717856 -0.009257 0.003610 0.997803 0.065495
1575281541.764092 51.802300 187.621966 -0.714088 -0.012143 -0.001521 0.999112 0.040324
1575281541.867862 51.330084 187.614452 -0.712137 -0.014235 -0.003291 0.999780 0.015025
1575281541.971582 50.867156 187.599203 -0.715356 -0.013693 -0.001254 0.999846 -0.010913
1575281542.075452 50.403134 187.539574 -0.717868 -0.012867 0.002970 0.999240 -0.036663
1575281542.179202 49.952681 187.472892 -0.718729 -0.011677 0.004736 0.997988 -0.062133
1575281542.283082 49.504252 187.356248 -0.717412 -0.011061 0.005411 0.996106 -0.087299
1575281542.386952 49.075598 187.233134 -0.720122 -0.009838 0.004981 0.993629 -0.112160
1575281542.490702 48.655897 187.096860 -0.722000 -0.008712 0.005923 0.990497 -0.137133
1575281542.594582 48.232843 186.927487 -0.724335 -0.008780 0.008514 0.986642 -0.162443
1575281542.698452 47.818405 186.752547 -0.721451 -0.008341 0.010284 0.982512 -0.185725
1575281542.802452 47.402079 186.530722 -0.715061 -0.008849 0.008039 0.978125 -0.207676
1575281542.906452 46.990013 186.309018 -0.706003 -0.010861 0.006471 0.973506 -0.228310
1575281543.010452 46.579061 186.077727 -0.700360 -0.013119 0.007421 0.968940 -0.246837
1575281543.114702 46.169734 185.832328 -0.697055 -0.015020 0.009310 0.964580 -0.263199
1575281543.218852 45.771469 185.574161 -0.695111 -0.015466 0.009444 0.960491 -0.277719
1575281543.323082 45.374819 185.296304 -0.695118 -0.015834 0.008701 0.956776 -0.290264
1575281543.427362 44.981059 185.010636 -0.697458 -0.015243 0.008026 0.953598 -0.300591
1575281543.531722 44.584587 184.715102 -0.699730 -0.014882 0.007734 0.950950 -0.308891
1575281543.635972 44.187073 184.409834 -0.700340 -0.014463 0.007202 0.948782 -0.315517
1575281543.740352 43.786329 184.094921 -0.701044 -0.013645 0.006352 0.947051 -0.320731
1575281543.844702 43.381570 183.772463 -0.703682 -0.012293 0.005515 0.945647 -0.324915
1575281543.949062 42.969238 183.445236 -0.708115 -0.011569 0.006212 0.944446 -0.328405
1575281544.053402 42.549875 183.107186 -0.714703 -0.011591 0.007018 0.943491 -0.331122
1575281544.157592 42.123907 182.761338 -0.722263 -0.011915 0.008994 0.942748 -0.333171
1575281544.261952 41.695707 182.399066 -0.727584 -0.011146 0.007865 0.942169 -0.334861
1575281544.366202 41.262055 182.026794 -0.731346 -0.009663 0.006186 0.941756 -0.336101
1575281544.470472 40.811353 181.641871 -0.739801 -0.009104 0.004514 0.941510 -0.336831
1575281544.574702 40.347799 181.258513 -0.747653 -0.009906 0.005440 0.941346 -0.337253
1575281544.678832 39.866156 180.869809 -0.749068 -0.010861 0.007952 0.941332 -0.337215
1575281544.783072 39.375302 180.470284 -0.745888 -0.010914 0.008384 0.941496 -0.336744
1575281544.887202 38.878793 180.056515 -0.744762 -0.008309 0.006903 0.941642 -0.336443
1575281544.991322 38.372629 179.638202 -0.749637 -0.004796 0.007613 0.941745 -0.336208
1575281545.095452 37.850625 179.209929 -0.750914 -0.002297 0.007888 0.941869 -0.335879
1575281545.199452 37.306654 178.771271 -0.747339 -0.002741 0.009191 0.941978 -0.335536
1575281545.303582 36.760822 178.310158 -0.741954 -0.003628 0.008021 0.942029 -0.335415
1575281545.407702 36.207135 177.832715 -0.736875 -0.003793 0.004788 0.942082 -0.335327
1575281545.511702 35.637044 177.348991 -0.728620 -0.003853 0.002649 0.942022 -0.335519
1575281545.615702 35.051860 176.860949 -0.721901 -0.004288 0.002201 0.941941 -0.335744
1575281545.719832 34.446968 176.359147 -0.720308 -0.005774 0.001483 0.941950 -0.335700
1575281545.823832 33.829026 175.847564 -0.720178 -0.007938 0.001219 0.942046 -0.335388
1575281545.927852 33.202616 175.324788 -0.718058 -0.008500 -0.000419 0.942003 -0.335496
1575281546.031822 32.570143 174.792978 -0.718201 -0.006932 -0.001745 0.941918 -0.335768
1575281546.135832 31.926287 174.260975 -0.725228 -0.005330 -0.000608 0.941852 -0.335985
1575281546.239832 31.266113 173.716435 -0.731105 -0.005965 0.000567 0.941677 -0.336466
1575281546.343832 30.597376 173.160536 -0.734619 -0.009081 0.000416 0.941704 -0.336320
1575281546.447852 29.923559 172.598001 -0.741396 -0.010859 0.001641 0.941695 -0.336289
1575281546.551832 29.245479 172.028331 -0.747237 -0.010968 0.002324 0.941597 -0.336555
1575281546.655832 28.558245 171.451188 -0.753501 -0.009813 0.004495 0.941552 -0.336696
1575281546.759822 27.859917 170.874232 -0.757544 -0.008343 0.007180 0.941498 -0.336839
1575281546.863712 27.155022 170.289648 -0.750865 -0.007292 0.007883 0.941544 -0.336719
1575281546.967712 26.441298 169.698569 -0.743543 -0.006667 0.007606 0.941754 -0.336151
1575281547.071722 25.717659 169.102224 -0.736107 -0.007828 0.006678 0.941898 -0.335741
1575281547.175582 24.990866 168.505992 -0.728052 -0.009201 0.005689 0.942017 -0.335392
1575281547.279582 24.260669 167.913227 -0.719433 -0.010743 0.005839 0.942183 -0.334875
1575281547.383452 23.529931 167.330282 -0.711350 -0.012266 0.007989 0.942256 -0.334574
1575281547.487472 22.798123 166.754171 -0.705395 -0.013881 0.011333 0.942345 -0.334163
1575281547.591332 22.067731 166.174004 -0.703546 -0.015983 0.012476 0.942407 -0.333854
1575281547.695332 21.334999 165.587973 -0.707713 -0.019257 0.013068 0.942440 -0.333565
1575281547.799202 20.599571 165.011434 -0.715158 -0.022758 0.013622 0.942407 -0.333414
1575281547.903082 19.876401 164.434480 -0.725775 -0.022505 0.014789 0.942493 -0.333139
1575281548.007092 19.163852 163.856960 -0.734650 -0.018499 0.015143 0.942710 -0.332757
1575281548.110962 18.457360 163.285013 -0.739028 -0.014119 0.016651 0.942995 -0.332091
1575281548.215202 17.739672 162.706858 -0.741391 -0.012393 0.017471 0.943177 -0.331601
1575281548.318712 17.025779 162.133100 -0.736933 -0.013783 0.017015 0.943363 -0.331039
1575281548.422592 16.309983 161.560863 -0.733231 -0.015158 0.016852 0.943498 -0.330602
1575281548.527452 15.591928 160.987171 -0.731885 -0.015882 0.016676 0.943643 -0.330164
1575281548.630402 14.893442 160.426313 -0.732586 -0.015581 0.015212 0.944199 -0.328656
1575281548.734352 14.183564 159.866355 -0.731871 -0.015017 0.013463 0.945300 -0.325578
1575281548.838372 13.471938 159.316694 -0.730396 -0.014956 0.012381 0.946778 -0.321300
1575281548.942342 12.758132 158.783919 -0.734167 -0.014784 0.012695 0.948608 -0.315852
1575281549.046362 12.037630 158.266708 -0.739778 -0.015351 0.013305 0.950880 -0.308892
1575281549.150482 11.309234 157.768664 -0.744692 -0.017075 0.014686 0.953552 -0.300386
1575281549.254602 10.574574 157.279001 -0.748294 -0.019272 0.015068 0.956518 -0.290646
1575281549.358722 9.832796 156.818336 -0.756569 -0.020004 0.016029 0.959960 -0.278963
1575281549.462862 9.083113 156.373279 -0.768282 -0.020658 0.017947 0.963747 -0.265412
1575281549.567182 8.319428 155.963534 -0.787309 -0.021470 0.019325 0.967760 -0.250213
1575281549.671342 7.544306 155.577910 -0.802729 -0.022359 0.020521 0.971728 -0.234144
1575281549.775612 6.762009 155.209785 -0.819473 -0.021905 0.021619 0.975416 -0.218210
1575281549.879702 5.978782 154.883240 -0.835670 -0.018259 0.023566 0.978901 -0.202146
1575281549.983962 5.192190 154.570822 -0.850959 -0.013180 0.025213 0.982183 -0.185759
1575281550.088102 4.395498 154.290556 -0.855843 -0.009662 0.023851 0.985212 -0.169398
1575281550.192222 3.583516 154.020200 -0.857227 -0.009039 0.021434 0.987878 -0.153482
1575281550.296322 2.761687 153.784478 -0.853070 -0.008951 0.020296 0.990040 -0.139027
1575281550.400232 1.931792 153.573115 -0.851081 -0.008464 0.020797 0.991756 -0.126156
1575281550.504142 1.093267 153.376698 -0.854242 -0.007242 0.022773 0.993063 -0.115128
1575281550.607962 0.245026 153.193416 -0.855454 -0.007591 0.022515 0.994138 -0.105471
1575281550.711822 -0.620590 153.017939 -0.853582 -0.010420 0.020417 0.995137 -0.095800
1575281550.815742 -1.491416 152.860728 -0.856870 -0.011937 0.020257 0.995976 -0.086481
1575281550.919602 -2.370266 152.722130 -0.865210 -0.011679 0.020304 0.996715 -0.077534
1575281551.023362 -3.251977 152.593747 -0.870797 -0.009485 0.019824 0.997357 -0.069252
1575281551.127242 -4.148823 152.478658 -0.882043 -0.008021 0.021165 0.997814 -0.062095
1575281551.231562 -5.070607 152.378870 -0.895421 -0.009164 0.024116 0.998049 -0.056848
1575281551.334742 -6.000802 152.285152 -0.906566 -0.014571 0.026696 0.998112 -0.053359
1575281551.438522 -6.944814 152.190511 -0.921655 -0.019234 0.028223 0.998081 -0.051656
1575281551.542112 -7.887939 152.092397 -0.944659 -0.019521 0.027992 0.998122 -0.050878
1575281551.645902 -8.836795 151.989739 -0.968172 -0.017873 0.026543 0.998219 -0.050354
1575281551.749482 -9.792895 151.882283 -0.990248 -0.015786 0.024028 0.998338 -0.049945
1575281551.853232 -10.766001 151.766668 -1.010066 -0.014233 0.019861 0.998460 -0.049804
1575281551.957122 -11.755873 151.653468 -1.029877 -0.014314 0.017272 0.998506 -0.049833
1575281552.060702 -12.754765 151.544571 -1.049559 -0.015335 0.016117 0.998489 -0.050240
1575281552.164492 -13.760342 151.435183 -1.067757 -0.016307 0.014928 0.998471 -0.050671
1575281552.268372 -14.781098 151.323453 -1.090555 -0.016396 0.014797 0.998439 -0.051297
1575281552.372092 -15.801657 151.210439 -1.112023 -0.016029 0.013836 0.998422 -0.052019
1575281552.475842 -16.832516 151.092478 -1.132456 -0.014988 0.012944 0.998425 -0.052492
1575281552.579742 -17.866562 150.974981 -1.150928 -0.014015 0.012032 0.998428 -0.052927
1575281552.683452 -18.908625 150.856839 -1.166300 -0.013456 0.010425 0.998456 -0.052868
1575281552.787352 -19.957167 150.737941 -1.175230 -0.013546 0.009148 0.998500 -0.052249
1575281552.891222 -21.008135 150.622735 -1.184938 -0.013874 0.008385 0.998543 -0.051479
1575281552.995092 -22.060948 150.511151 -1.194838 -0.014101 0.008163 0.998578 -0.050753
1575281553.099132 -23.113112 150.401242 -1.206290 -0.014411 0.007737 0.998614 -0.050022
1575281553.202662 -24.167797 150.295619 -1.221659 -0.014964 0.007760 0.998636 -0.049409
1575281553.306362 -25.222435 150.188187 -1.237393 -0.016295 0.007509 0.998638 -0.048990
1575281553.410122 -26.273574 150.084667 -1.258065 -0.017142 0.007073 0.998647 -0.048589
1575281553.513862 -27.318235 149.982312 -1.277748 -0.016579 0.006638 0.998687 -0.048016
1575281553.617722 -28.360008 149.882420 -1.298933 -0.015418 0.006480 0.998726 -0.047614
1575281553.721472 -29.401554 149.782611 -1.317214 -0.014714 0.006166 0.998755 -0.047259
1575281553.825212 -30.440829 149.684195 -1.333106 -0.014770 0.005946 0.998780 -0.046752
1575281553.929272 -31.482043 149.586736 -1.349481 -0.015263 0.005499 0.998813 -0.045921
1575281554.033672 -32.525126 149.491159 -1.369318 -0.015841 0.004900 0.998867 -0.044602
1575281554.136872 -33.549000 149.400074 -1.387743 -0.016252 0.004379 0.998926 -0.043172
1575281554.240592 -34.576990 149.312310 -1.407115 -0.015546 0.004058 0.999001 -0.041704
1575281554.344372 -35.602623 149.226376 -1.425646 -0.015309 0.003541 0.999068 -0.040194
1575281554.448252 -36.627102 149.141507 -1.440496 -0.015803 0.003084 0.999123 -0.038663
1575281554.551962 -37.648229 149.060814 -1.455519 -0.016703 0.002952 0.999159 -0.037326
1575281554.655872 -38.666797 148.986244 -1.470998 -0.017405 0.003220 0.999198 -0.035927
1575281554.759622 -39.680885 148.916242 -1.486958 -0.017506 0.003575 0.999236 -0.034768
1575281554.863462 -40.690119 148.842581 -1.503123 -0.017259 0.003462 0.999279 -0.033645
1575281554.967662 -41.699872 148.772444 -1.519574 -0.016688 0.003992 0.999318 -0.032699
1575281555.071182 -42.700318 148.703012 -1.537995 -0.016719 0.003616 0.999342 -0.031983
1575281555.175062 -43.704457 148.629425 -1.559553 -0.017047 0.002934 0.999358 -0.031361
1575281555.278742 -44.701339 148.557602 -1.578141 -0.016506 0.002528 0.999381 -0.030976
1575281555.382602 -45.692998 148.484160 -1.596636 -0.014426 0.002345 0.999422 -0.030679
1575281555.486582 -46.681603 148.413058 -1.612086 -0.012699 0.001876 0.999451 -0.030554
1575281555.590332 -47.669977 148.344966 -1.626973 -0.012494 0.002067 0.999447 -0.030742
1575281555.694092 -48.655568 148.276923 -1.638037 -0.012511 0.002494 0.999438 -0.030999
1575281555.797962 -49.638241 148.208708 -1.647305 -0.013270 0.003332 0.999414 -0.031379
1575281555.901962 -50.618583 148.139455 -1.655205 -0.013918 0.004392 0.999387 -0.031821
1575281556.005722 -51.592235 148.070643 -1.665544 -0.014371 0.004798 0.999363 -0.032320
1575281556.109472 -52.560459 148.000453 -1.673549 -0.014691 0.005115 0.999342 -0.032768
1575281556.213342 -53.529508 147.930264 -1.679858 -0.014940 0.004629 0.999324 -0.033280
1575281556.317332 -54.494607 147.858959 -1.686178 -0.014383 0.004549 0.999319 -0.033683
1575281556.421132 -55.454062 147.790450 -1.694672 -0.013782 0.005609 0.999292 -0.034548
1575281556.524912 -56.411601 147.719871 -1.702420 -0.013309 0.006301 0.999243 -0.036014
1575281556.628742 -57.362701 147.642938 -1.709197 -0.012961 0.005705 0.999199 -0.037436
1575281556.732492 -58.311074 147.566101 -1.713105 -0.012303 0.005636 0.999162 -0.038618
1575281556.836392 -59.253545 147.489386 -1.717444 -0.011993 0.005800 0.999125 -0.039637
1575281556.940312 -60.190168 147.409851 -1.721867 -0.012094 0.005407 0.999105 -0.040171
1575281557.044112 -61.119944 147.329792 -1.722252 -0.013217 0.004567 0.999086 -0.040388
1575281557.148092 -62.039298 147.252262 -1.723430 -0.014202 0.004145 0.999085 -0.040119
1575281557.252442 -62.952166 147.176334 -1.725630 -0.014766 0.004007 0.999097 -0.039640
1575281557.356132 -63.844863 147.101878 -1.729287 -0.014889 0.003312 0.999123 -0.038993
1575281557.460082 -64.725239 147.030148 -1.733723 -0.014756 0.002668 0.999167 -0.037947
1575281557.564102 -65.590809 146.961518 -1.740366 -0.014933 0.002179 0.999233 -0.036122
1575281557.668122 -66.441446 146.897643 -1.748567 -0.015128 0.002274 0.999326 -0.033360
1575281557.772232 -67.272619 146.840242 -1.755326 -0.015160 0.002555 0.999437 -0.029833
1575281557.876262 -68.082963 146.792155 -1.763310 -0.015371 0.003489 0.999540 -0.025910
1575281557.980252 -68.870753 146.756042 -1.767028 -0.016178 0.004652 0.999616 -0.022002
1575281558.084262 -69.634885 146.728339 -1.768229 -0.016325 0.006343 0.999683 -0.018079
1575281558.188222 -70.373454 146.703866 -1.768710 -0.016696 0.007205 0.999732 -0.014330
1575281558.292172 -71.087516 146.681141 -1.768938 -0.017011 0.007905 0.999768 -0.010614
1575281558.396192 -71.773486 146.665600 -1.769288 -0.016950 0.008341 0.999796 -0.007171
1575281558.500132 -72.432627 146.655938 -1.770735 -0.016780 0.009012 0.999811 -0.004001
1575281558.604152 -73.066063 146.647929 -1.773441 -0.016602 0.009448 0.999817 -0.001026
1575281558.708142 -73.672774 146.644377 -1.777692 -0.016336 0.010019 0.999815 0.001686
1575281558.811992 -74.251854 146.647721 -1.777591 -0.015986 0.011068 0.999803 0.004091
1575281558.915982 -74.808558 146.656390 -1.776984 -0.016717 0.011932 0.999769 0.006365
1575281559.019972 -75.333699 146.667466 -1.775222 -0.017712 0.012195 0.999734 0.008387
1575281559.123972 -75.829613 146.678126 -1.775857 -0.018172 0.012638 0.999702 0.010265
1575281559.227842 -76.293040 146.692814 -1.776654 -0.018483 0.012850 0.999677 0.011800
1575281559.332012 -76.729234 146.709548 -1.779329 -0.018812 0.013582 0.999646 0.013042
1575281559.435752 -77.130389 146.730273 -1.782472 -0.019096 0.014709 0.999611 0.013999
1575281559.539742 -77.500229 146.746094 -1.786348 -0.019428 0.015294 0.999588 0.014602
1575281559.643722 -77.837888 146.763102 -1.785753 -0.019991 0.015174 0.999576 0.014761
1575281559.749602 -78.145614 146.775746 -1.786001 -0.020234 0.014669 0.999582 0.014537
1575281559.851472 -78.411876 146.785573 -1.785452 -0.019959 0.013967 0.999605 0.013999
1575281559.955472 -78.656791 146.795067 -1.787393 -0.019650 0.013104 0.999635 0.013138
1575281560.060812 -78.881959 146.801998 -1.791134 -0.019312 0.012305 0.999667 0.011904
1575281560.163432 -79.083440 146.810337 -1.795817 -0.018690 0.011783 0.999699 0.010666
1575281560.268282 -79.280192 146.815550 -1.801414 -0.017346 0.011631 0.999739 0.009240
1575281560.371322 -79.468957 146.819072 -1.811244 -0.016301 0.011876 0.999764 0.008085
1575281560.475142 -79.654178 146.820181 -1.818296 -0.016200 0.012302 0.999769 0.006970
1575281560.579192 -79.830627 146.813591 -1.829355 -0.016699 0.011873 0.999773 0.005831
1575281560.683152 -79.996031 146.804014 -1.837115 -0.016916 0.010913 0.999787 0.004617
1575281560.787002 -80.146145 146.791421 -1.845257 -0.016587 0.010023 0.999807 0.003243
1575281560.890962 -80.286677 146.787883 -1.850959 -0.016156 0.010318 0.999815 0.001418
1575281560.994882 -80.419367 146.787010 -1.856663 -0.015788 0.010934 0.999815 -0.000899
1575281561.098862 -80.545388 146.782705 -1.861676 -0.015547 0.011137 0.999811 -0.003593
1575281561.202752 -80.664557 146.774269 -1.867218 -0.015519 0.010568 0.999800 -0.006891
1575281561.306862 -80.776371 146.761532 -1.871891 -0.015413 0.009565 0.999777 -0.010775
1575281561.410652 -80.880780 146.747469 -1.875623 -0.015534 0.008539 0.999735 -0.014655
1575281561.514602 -80.972847 146.729986 -1.877937 -0.016033 0.007879 0.999675 -0.018162
1575281561.618472 -81.049073 146.714856 -1.880013 -0.016289 0.007192 0.999613 -0.021356
1575281561.722602 -81.110470 146.701235 -1.883211 -0.016384 0.006825 0.999560 -0.023762
1575281561.826652 -81.157819 146.690742 -1.886032 -0.015973 0.006898 0.999514 -0.025851
1575281561.930642 -81.193314 146.680890 -1.889059 -0.015756 0.006834 0.999475 -0.027462
1575281562.034642 -81.218317 146.672593 -1.890424 -0.015786 0.006955 0.999443 -0.028555
1575281562.138732 -81.233151 146.664848 -1.893152 -0.015461 0.006726 0.999422 -0.029524
1575281562.242712 -81.239963 146.658739 -1.894754 -0.015560 0.006589 0.999408 -0.029957
1575281562.347502 -81.236951 146.653796 -1.896939 -0.015603 0.006561 0.999410 -0.029881
1575281562.450902 -81.229750 146.651333 -1.897013 -0.015163 0.006928 0.999415 -0.029870
1575281562.554862 -81.228046 146.650548 -1.896499 -0.014551 0.007144 0.999418 -0.030008
1575281562.659002 -81.231110 146.652962 -1.898319 -0.014381 0.007021 0.999425 -0.029878
1575281562.762992 -81.233632 146.658235 -1.900304 -0.014588 0.006899 0.999420 -0.029984
1575281562.866992 -81.233278 146.662392 -1.901336 -0.014381 0.006911 0.999421 -0.030058
1575281562.971002 -81.232046 146.664901 -1.905261 -0.014375 0.007009 0.999422 -0.030003
1575281563.075102 -81.231143 146.667805 -1.909778 -0.014598 0.006999 0.999416 -0.030108
1575281563.179982 -81.229527 146.669452 -1.914578 -0.014457 0.007007 0.999417 -0.030124
1575281563.283922 -81.228659 146.670272 -1.921117 -0.014447 0.007042 0.999414 -0.030219
1575281563.387182 -81.230092 146.671734 -1.925241 -0.014548 0.007055 0.999411 -0.030255
1575281563.491122 -81.231847 146.674000 -1.929723 -0.014539 0.007080 0.999410 -0.030289
1575281563.595112 -81.232669 146.674800 -1.931914 -0.014512 0.007146 0.999407 -0.030395
1575281563.699122 -81.236372 146.677524 -1.939642 -0.014486 0.007181 0.999405 -0.030470
1575281563.803122 -81.237988 146.678215 -1.944862 -0.014545 0.007236 0.999402 -0.030524
1575281563.907312 -81.240078 146.679831 -1.951391 -0.014533 0.007261 0.999399 -0.030609
1575281564.011212 -81.240867 146.680094 -1.955756 -0.014533 0.007277 0.999398 -0.030644
1575281564.115222 -81.242169 146.681123 -1.961623 -0.014541 0.007295 0.999394 -0.030759
1575281564.219212 -81.241702 146.679555 -1.965280 -0.014552 0.007332 0.999389 -0.030906
1575281564.323352 -81.242194 146.679599 -1.971297 -0.014544 0.007421 0.999385 -0.031027
1575281564.427352 -81.240891 146.678386 -1.976450 -0.014505 0.007475 0.999379 -0.031238
1575281564.531342 -81.237563 146.675967 -1.982778 -0.014504 0.007544 0.999372 -0.031427
1575281564.635462 -81.234200 146.673713 -1.990130 -0.014476 0.007586 0.999364 -0.031708
1575281564.739682 -81.231260 146.671868 -1.996226 -0.014484 0.007663 0.999358 -0.031856
1575281564.843592 -81.228863 146.672696 -2.000316 -0.014477 0.007704 0.999358 -0.031847
1575281564.947662 -81.226785 146.673453 -2.004276 -0.014512 0.007768 0.999356 -0.031873
1575281565.054392 -81.224331 146.673859 -2.009128 -0.014522 0.007748 0.999353 -0.031986
1575281565.155632 -81.222282 146.673414 -2.012697 -0.014495 0.007781 0.999352 -0.032024
1575281565.259752 -81.221003 146.672861 -2.015249 -0.014505 0.007855 0.999350 -0.032049
1575281565.363722 -81.219583 146.672458 -2.016111 -0.014502 0.007942 0.999346 -0.032168
1575281565.468642 -81.219231 146.674364 -2.017114 -0.014533 0.007988 0.999345 -0.032154
1575281565.571792 -81.218497 146.674635 -2.018705 -0.014492 0.007980 0.999343 -0.032246
1575281565.675872 -81.218976 146.675299 -2.022912 -0.014500 0.008008 0.999341 -0.032284
1575281565.779862 -81.219179 146.675348 -2.025743 -0.014521 0.008006 0.999340 -0.032323
1575281565.883872 -81.219516 146.675716 -2.028643 -0.014553 0.008032 0.999337 -0.032382
1575281565.987872 -81.219317 146.675319 -2.030879 -0.014561 0.008053 0.999333 -0.032506
1575281566.091852 -81.219694 146.673140 -2.035663 -0.014549 0.008067 0.999329 -0.032627
1575281566.195882 -81.219630 146.671712 -2.039311 -0.014590 0.008066 0.999326 -0.032690
1575281566.299972 -81.219795 146.672045 -2.041603 -0.014592 0.008132 0.999326 -0.032696
1575281566.404132 -81.219991 146.672506 -2.042164 -0.014593 0.008169 0.999323 -0.032771
1575281566.508402 -81.219685 146.671989 -2.042352 -0.014609 0.008128 0.999324 -0.032755
1575281566.611982 -81.219572 146.672202 -2.043258 -0.014614 0.008141 0.999323 -0.032760
1575281566.716112 -81.219236 146.672203 -2.044714 -0.014646 0.008159 0.999323 -0.032741
1575281566.820132 -81.219902 146.667260 -2.048681 -0.014645 0.008105 0.999322 -0.032789
1575281566.924272 -81.219025 146.663609 -2.051570 -0.014678 0.008071 0.999320 -0.032838
1575281567.028232 -81.218530 146.660525 -2.052744 -0.014629 0.008083 0.999321 -0.032848
1575281567.132332 -81.218171 146.659343 -2.053658 -0.014644 0.008099 0.999320 -0.032861
1575281567.236232 -81.219087 146.662706 -2.054023 -0.014655 0.008093 0.999322 -0.032799
1575281567.340352 -81.219355 146.664296 -2.054088 -0.014662 0.008099 0.999322 -0.032782
1575281567.444372 -81.219501 146.664721 -2.054953 -0.014662 0.008131 0.999321 -0.032801
1575281567.548382 -81.219472 146.663745 -2.057216 -0.014630 0.008127 0.999321 -0.032810
1575281567.652352 -81.236459 146.693598 -2.096180 -0.014672 0.008135 0.999321 -0.032818
1575281567.756472 -81.248645 146.713048 -2.123288 -0.014573 0.008086 0.999312 -0.033146
1575281567.860562 -81.262808 146.730419 -2.146350 -0.014345 0.008003 0.999276 -0.034310
1575281567.964512 -81.282452 146.746693 -2.170093 -0.014151 0.007756 0.999250 -0.035194
1575281568.068522 -81.304314 146.756831 -2.186867 -0.014041 0.007479 0.999199 -0.036710
1575281568.172522 -81.332876 146.772165 -2.205037 -0.014130 0.007714 0.999105 -0.039115
1575281568.276522 -81.362864 146.780564 -2.217805 -0.014128 0.007724 0.998993 -0.041885
1575281568.380482 -81.397790 146.787560 -2.232310 -0.014117 0.007391 0.998860 -0.045001
1575281568.484482 -81.432241 146.787416 -2.240904 -0.014141 0.007265 0.998680 -0.048836
1575281568.588382 -81.472639 146.790945 -2.250984 -0.014054 0.007250 0.998452 -0.053324
1575281568.692402 -81.514791 146.787796 -2.257456 -0.014101 0.007151 0.998188 -0.058058
1575281568.796262 -81.562605 146.787615 -2.264751 -0.014144 0.006995 0.997867 -0.063339
1575281568.900242 -81.612185 146.781215 -2.270087 -0.014129 0.006998 0.997469 -0.069334
1575281569.004152 -81.664441 146.769946 -2.276858 -0.014014 0.006912 0.996998 -0.075833
1575281569.108032 -81.723240 146.756062 -2.282819 -0.013540 0.006801 0.996441 -0.082921
1575281569.211852 -81.789729 146.735914 -2.289917 -0.012520 0.006543 0.995753 -0.090979
1575281569.315772 -81.871085 146.710103 -2.296354 -0.011418 0.005932 0.994943 -0.099614
1575281569.419622 -81.974071 146.685409 -2.301510 -0.010898 0.005312 0.994016 -0.108559
1575281569.523482 -82.082997 146.642791 -2.305961 -0.011125 0.004942 0.992970 -0.117738
1575281569.627342 -82.213637 146.604274 -2.309357 -0.011812 0.005533 0.991779 -0.127292
1575281569.731742 -82.357378 146.556073 -2.312745 -0.012605 0.006312 0.990345 -0.137907
1575281569.835012 -82.511367 146.498799 -2.315040 -0.013239 0.005842 0.988676 -0.149365
1575281569.938742 -82.678510 146.432115 -2.318422 -0.014543 0.005022 0.986771 -0.161391
1575281570.042502 -82.850129 146.354170 -2.323650 -0.015559 0.005039 0.984649 -0.173778
1575281570.146362 -83.031424 146.273211 -2.329208 -0.016191 0.005890 0.982252 -0.186771
1575281570.250112 -83.220516 146.181472 -2.333514 -0.017454 0.006429 0.979490 -0.200632
1575281570.353762 -83.410285 146.071693 -2.338864 -0.019097 0.006840 0.976243 -0.215726
1575281570.457512 -83.608730 145.955593 -2.344510 -0.019976 0.007133 0.972430 -0.232230
1575281570.561132 -83.812765 145.825262 -2.352083 -0.019604 0.007477 0.967904 -0.250442
1575281570.664862 -84.017874 145.661579 -2.359213 -0.018348 0.007125 0.962565 -0.270334
1575281570.768492 -84.242504 145.484624 -2.365516 -0.017026 0.005958 0.956351 -0.291663
1575281570.872102 -84.472869 145.268459 -2.371604 -0.016126 0.005836 0.949071 -0.314594
1575281570.975752 -84.730249 145.047376 -2.382732 -0.015522 0.007775 0.940604 -0.339060
1575281571.079362 -84.996676 144.798046 -2.395927 -0.014294 0.010205 0.931297 -0.363838
1575281571.183202 -85.255118 144.492591 -2.406188 -0.012675 0.011283 0.921418 -0.388201
1575281571.286922 -85.530179 144.169803 -2.413394 -0.012213 0.011463 0.910993 -0.412082
1575281571.390642 -85.808567 143.810302 -2.418105 -0.012591 0.012089 0.899765 -0.436026
1575281571.494512 -86.072890 143.398314 -2.423716 -0.013532 0.012789 0.887792 -0.459869
1575281571.598232 -86.335909 142.964476 -2.426947 -0.014815 0.011929 0.875224 -0.483343
1575281571.702102 -86.580145 142.480737 -2.432930 -0.017142 0.011649 0.861832 -0.506770
1575281571.805982 -86.825383 141.988856 -2.439657 -0.020108 0.012518 0.847580 -0.530139
1575281571.909732 -87.051408 141.463830 -2.444711 -0.022588 0.013115 0.832653 -0.553178
1575281572.013602 -87.242362 140.886568 -2.450090 -0.024337 0.012941 0.817348 -0.575485
1575281572.117472 -87.423411 140.298671 -2.454605 -0.026010 0.012702 0.802000 -0.596623
1575281572.221532 -87.573348 139.663552 -2.461009 -0.027159 0.013021 0.786557 -0.616783
1575281572.325502 -87.708762 139.017451 -2.470257 -0.027540 0.014678 0.771962 -0.634902
1575281572.429632 -87.817787 138.339805 -2.479152 -0.026719 0.015630 0.758959 -0.650402
1575281572.533732 -87.898451 137.626459 -2.487826 -0.025427 0.015633 0.747649 -0.663423
1575281572.637982 -87.967652 136.894263 -2.495045 -0.023873 0.016142 0.738414 -0.673732
1575281572.742362 -88.023535 136.130836 -2.500247 -0.022792 0.017111 0.730953 -0.681833
1575281572.846742 -88.069710 135.342005 -2.505345 -0.022606 0.017700 0.725011 -0.688139
1575281572.951142 -88.105911 134.529948 -2.508738 -0.022497 0.018735 0.719801 -0.693563
1575281573.055472 -88.132630 133.697507 -2.508254 -0.022186 0.020067 0.714905 -0.698581
1575281573.159722 -88.148093 132.845491 -2.507326 -0.021386 0.022044 0.709777 -0.703756
1575281573.264092 -88.149875 131.970758 -2.504837 0.020025 -0.023450 -0.704760 0.708776
1575281573.368352 -88.134835 131.070004 -2.498699 0.018600 -0.022817 -0.700306 0.713236
1575281573.472602 -88.108382 130.148976 -2.487702 0.017075 -0.021209 -0.696869 0.716681
1575281573.576972 -88.074057 129.206332 -2.476272 0.015429 -0.019383 -0.694953 0.718628
1575281573.681222 -88.039938 128.241302 -2.465694 0.014147 -0.018804 -0.694066 0.719527
1575281573.785612 -88.006687 127.252344 -2.455846 0.014137 -0.018025 -0.693771 0.719831
1575281573.889862 -87.973308 126.237870 -2.446676 0.014876 -0.017867 -0.693336 0.720239
1575281573.993992 -87.935557 125.200126 -2.438018 0.015261 -0.017883 -0.692310 0.721217
1575281574.098102 -87.894248 124.145204 -2.429807 0.015507 -0.018217 -0.690776 0.722673
1575281574.202222 -87.846313 123.069276 -2.420205 0.015314 -0.018397 -0.689091 0.724280
1575281574.306352 -87.775789 121.976064 -2.411759 0.015234 -0.018303 -0.687312 0.725972
1575281574.410462 -87.696006 120.865709 -2.401585 0.014977 -0.018075 -0.685318 0.727866
1575281574.514482 -87.619598 119.742069 -2.390028 0.016075 -0.017545 -0.683373 0.729682
1575281574.618482 -87.533452 118.600905 -2.380168 0.017765 -0.016576 -0.681415 0.731494
1575281574.722602 -87.445170 117.443829 -2.370685 0.018769 -0.015727 -0.679731 0.733053
1575281574.826602 -87.347893 116.274842 -2.365547 0.018660 -0.015869 -0.678906 0.733816
1575281574.930722 -87.246395 115.092714 -2.358161 0.017518 -0.016243 -0.678890 0.733852
1575281575.034732 -87.142311 113.896774 -2.349865 0.017161 -0.016246 -0.679242 0.733534
1575281575.138852 -87.044290 112.694306 -2.340579 0.018318 -0.015657 -0.679463 0.733314
1575281575.242852 -86.945840 111.487222 -2.329820 0.019633 -0.015290 -0.679578 0.733181
1575281575.346852 -86.852080 110.286220 -2.319459 0.020597 -0.015200 -0.679758 0.732990
1575281575.450852 -86.758250 109.090774 -2.308353 0.020831 -0.014976 -0.679878 0.732876
1575281575.554852 -86.659840 107.896734 -2.294685 0.020994 -0.014969 -0.680068 0.732695
1575281575.658872 -86.564766 106.708407 -2.280266 0.020307 -0.015138 -0.680273 0.732521
1575281575.762852 -86.469719 105.520568 -2.266650 0.019486 -0.015978 -0.680457 0.732355
1575281575.866852 -86.378342 104.331482 -2.252980 0.019329 -0.016068 -0.680593 0.732230
1575281575.970722 -86.284521 103.142086 -2.237883 0.019793 -0.014893 -0.680776 0.732073
1575281576.074742 -86.194653 101.954015 -2.225756 0.020667 -0.014117 -0.680959 0.731894
1575281576.178732 -86.096378 100.770946 -2.217850 0.019930 -0.014403 -0.681052 0.731822
1575281576.282722 -86.007045 99.593498 -2.209365 0.019531 -0.015519 -0.681193 0.731679
1575281576.386602 -85.914617 98.419050 -2.197938 0.019072 -0.016026 -0.681255 0.731622
1575281576.490632 -85.824076 97.244629 -2.186567 0.019314 -0.014736 -0.681375 0.731531
1575281576.594602 -85.733569 96.070771 -2.175332 0.020012 -0.013412 -0.681449 0.731469
1575281576.698602 -85.644170 94.899828 -2.168007 0.020307 -0.011827 -0.681615 0.731334
1575281576.802602 -85.553179 93.736247 -2.162244 0.019007 -0.011251 -0.681782 0.731222
1575281576.906482 -85.467662 92.578008 -2.155885 0.018188 -0.011500 -0.681838 0.731187
1575281577.010362 -85.383954 91.421846 -2.148501 0.017875 -0.011546 -0.681889 0.731146
1575281577.114232 -85.298913 90.267551 -2.138737 0.017654 -0.010980 -0.681981 0.731074
1575281577.218232 -85.217557 89.113892 -2.129812 0.018526 -0.010690 -0.681986 0.731053
1575281577.322252 -85.136770 87.964301 -2.121174 0.018789 -0.011051 -0.681971 0.731054
1575281577.426332 -85.058975 86.820269 -2.113422 0.018884 -0.012578 -0.682058 0.730946
1575281577.530042 -84.981636 85.682228 -2.105222 0.019145 -0.013920 -0.681824 0.731133
1575281577.633812 -84.905276 84.547629 -2.094656 0.020227 -0.014773 -0.681273 0.731601
1575281577.737642 -84.822306 83.409886 -2.083029 0.020947 -0.014696 -0.680276 0.732509
1575281577.841362 -84.736991 82.279054 -2.071924 0.021476 -0.014499 -0.679053 0.733632
1575281577.945232 -84.644110 81.150801 -2.062327 0.021300 -0.013796 -0.677973 0.734649
1575281578.048992 -84.547115 80.029774 -2.051094 0.019964 -0.013205 -0.676986 0.735606
1575281578.152732 -84.449534 78.913389 -2.037820 0.018806 -0.013570 -0.675911 0.736618
1575281578.256762 -84.354455 77.792241 -2.017751 0.018591 -0.013614 -0.674937 0.737516
1575281578.360392 -84.257386 76.677576 -1.997425 0.019085 -0.013010 -0.674175 0.738211
1575281578.464112 -84.159269 75.565867 -1.978131 0.019456 -0.012807 -0.673504 0.738817
1575281578.567852 -84.058872 74.457791 -1.962197 0.019627 -0.012615 -0.672927 0.739341
1575281578.671772 -83.955150 73.350940 -1.945586 0.019999 -0.012091 -0.672403 0.739816
1575281578.775542 -83.849264 72.249462 -1.931593 0.019532 -0.011349 -0.672060 0.740152
1575281578.879272 -83.743269 71.151058 -1.917676 0.019228 -0.011114 -0.672085 0.740141
1575281578.983122 -83.636762 70.056725 -1.906117 0.018343 -0.010773 -0.672342 0.739935
1575281579.087072 -83.533098 68.963170 -1.894609 0.018131 -0.010805 -0.672858 0.739471
1575281579.190892 -83.432471 67.868471 -1.883614 0.018576 -0.010877 -0.673452 0.738918
1575281579.294732 -83.333610 66.769353 -1.879127 0.019506 -0.011957 -0.674267 0.738133
1575281579.398612 -83.239376 65.673092 -1.875106 0.020158 -0.013582 -0.675059 0.737363
1575281579.503092 -83.146031 64.571621 -1.869843 0.020651 -0.014901 -0.675911 0.736543
1575281579.606412 -83.057374 63.487589 -1.863498 0.021624 -0.015489 -0.676726 0.735755
1575281579.710272 -82.966594 62.392565 -1.852012 0.022442 -0.014692 -0.677564 0.734974
1575281579.814162 -82.875534 61.299986 -1.839661 0.022593 -0.013609 -0.678426 0.734195
1575281579.917982 -82.789000 60.223453 -1.827182 0.022110 -0.013460 -0.679300 0.733404
1575281580.022182 -82.703517 59.151182 -1.811255 0.021170 -0.013327 -0.680108 0.732685
1575281580.125762 -82.621673 58.086793 -1.796716 0.020038 -0.013963 -0.680843 0.732022
1575281580.229622 -82.528708 57.009755 -1.784886 0.018770 -0.014622 -0.681497 0.731434
1575281580.333362 -82.446942 55.936961 -1.771565 0.018430 -0.015810 -0.682083 0.730871
1575281580.437242 -82.362355 54.860384 -1.756054 0.018298 -0.015970 -0.682454 0.730525
1575281580.541102 -82.282347 53.784958 -1.740327 0.019096 -0.015400 -0.682642 0.730341
1575281580.645002 -82.201005 52.711413 -1.725642 0.019951 -0.014425 -0.682542 0.730432
1575281580.748852 -82.118149 51.647115 -1.712920 0.019764 -0.012898 -0.682405 0.730593
1575281580.852732 -82.033899 50.598117 -1.703103 0.018784 -0.011409 -0.682216 0.730820
1575281580.956462 -81.948690 49.548831 -1.694050 0.017079 -0.009872 -0.682060 0.731030
1575281581.060242 -81.863663 48.499995 -1.685905 0.015685 -0.008870 -0.681931 0.731195
1575281581.163992 -81.776847 47.456416 -1.677550 0.014023 -0.007879 -0.681812 0.731351
1575281581.267732 -81.694112 46.408741 -1.668269 0.013257 -0.007780 -0.681707 0.731464
1575281581.371722 -81.612561 45.348840 -1.665653 0.011888 -0.008210 -0.681412 0.731758
1575281581.475382 -81.534182 44.289644 -1.661313 0.012047 -0.008495 -0.681209 0.731940
1575281581.579272 -81.459628 43.223903 -1.661485 0.014762 -0.008504 -0.680875 0.732202
1575281581.683002 -81.381190 42.162133 -1.657099 0.017488 -0.006560 -0.680492 0.732517
1575281581.786862 -81.298070 41.098981 -1.653810 0.018620 -0.007510 -0.680029 0.732911
1575281581.890602 -81.224277 40.044870 -1.652253 0.018134 -0.009863 -0.679565 0.733325
1575281581.994492 -81.146157 38.989731 -1.646783 0.016969 -0.011626 -0.679289 0.733582
1575281582.098362 -81.064215 37.940106 -1.636042 0.016241 -0.011890 -0.679172 0.733704
1575281582.202232 -80.980552 36.892174 -1.626584 0.016012 -0.011934 -0.678941 0.733921
1575281582.306122 -80.899211 35.851510 -1.616797 0.016548 -0.012402 -0.678814 0.734019
1575281582.409992 -80.819457 34.816598 -1.605549 0.016457 -0.013910 -0.678796 0.734010
1575281582.514092 -80.741281 33.783080 -1.593721 0.016577 -0.015983 -0.678829 0.733935
1575281582.617852 -80.663544 32.757832 -1.579363 0.016807 -0.016999 -0.679000 0.733749
1575281582.721802 -80.585238 31.725942 -1.564174 0.018306 -0.016755 -0.679282 0.733457
1575281582.825662 -80.511381 30.696562 -1.550128 0.020300 -0.015962 -0.679475 0.733244
1575281582.929542 -80.439621 29.672756 -1.539809 0.021005 -0.015420 -0.679759 0.732972
1575281583.033502 -80.370439 28.655521 -1.533799 0.020298 -0.015451 -0.680174 0.732607
1575281583.137382 -80.303113 27.645569 -1.530220 0.019017 -0.015378 -0.680563 0.732281
1575281583.241252 -80.233194 26.632897 -1.523162 0.018818 -0.014913 -0.680967 0.731920
1575281583.345372 -80.167917 25.620939 -1.516049 0.019425 -0.014051 -0.681314 0.731598
1575281583.449182 -80.101563 24.615895 -1.505121 0.019802 -0.013384 -0.681684 0.731256
1575281583.553192 -80.038127 23.612627 -1.490136 0.020307 -0.014016 -0.681947 0.730986
1575281583.656992 -79.973335 22.617392 -1.476928 0.020306 -0.014126 -0.682190 0.730757
1575281583.761002 -79.908264 21.625245 -1.464234 0.020332 -0.014093 -0.682473 0.730492
1575281583.864892 -79.843278 20.647790 -1.450437 0.020142 -0.012883 -0.682749 0.730261
1575281583.968892 -79.781579 19.691804 -1.437427 0.020035 -0.012281 -0.683060 0.729984
1575281584.072872 -79.720888 18.753538 -1.424282 0.020038 -0.011883 -0.683370 0.729700
1575281584.176772 -79.659287 17.830753 -1.413579 0.020117 -0.011248 -0.683596 0.729496
1575281584.280742 -79.597237 16.927382 -1.400773 0.020104 -0.009993 -0.683606 0.729506
1575281584.384782 -79.535724 16.045182 -1.389563 0.020472 -0.010091 -0.683331 0.729752
1575281584.488612 -79.469201 15.188835 -1.380683 0.020040 -0.010586 -0.682507 0.730527
1575281584.592602 -79.405097 14.349196 -1.373657 0.019738 -0.011009 -0.681385 0.731576
1575281584.696492 -79.334414 13.534411 -1.356521 0.018897 -0.010373 -0.679933 0.732957
1575281584.800492 -79.260187 12.738146 -1.336715 0.017798 -0.009753 -0.678353 0.734456
1575281584.904362 -79.187461 11.956728 -1.319608 0.017270 -0.010117 -0.676475 0.736194
1575281585.008372 -79.114190 11.199419 -1.302610 0.017062 -0.010917 -0.673909 0.738537
1575281585.112242 -79.037046 10.463513 -1.284689 0.017117 -0.012404 -0.670552 0.741562
1575281585.216212 -78.953831 9.751669 -1.264668 0.017059 -0.013799 -0.666462 0.745216
1575281585.320372 -78.859205 9.060612 -1.240756 0.016686 -0.013868 -0.661965 0.749221
1575281585.423952 -78.756969 8.398114 -1.215927 0.016456 -0.013997 -0.657204 0.753403
1575281585.528452 -78.651545 7.753935 -1.193279 0.016677 -0.013949 -0.651889 0.758003
1575281585.631492 -78.540587 7.141250 -1.165710 0.017676 -0.013627 -0.646007 0.763005
1575281585.735382 -78.419979 6.547714 -1.141596 0.017196 -0.013204 -0.639461 0.768518
1575281585.843812 -78.280207 5.950265 -1.115139 0.015464 -0.012716 -0.631944 0.774755
1575281585.943002 -78.144877 5.416049 -1.093944 0.013967 -0.012063 -0.624433 0.780860
1575281586.049342 -77.994342 4.856245 -1.073068 0.014052 -0.012350 -0.615628 0.787814
1575281586.150562 -77.840019 4.339147 -1.056877 0.013935 -0.011871 -0.606818 0.794630
1575281586.254282 -77.664863 3.827780 -1.043529 0.013050 -0.011216 -0.597278 0.801850
1575281586.357992 -77.482713 3.330650 -1.030996 0.012235 -0.011171 -0.586446 0.809819
1575281586.461732 -77.285633 2.847945 -1.018191 0.010950 -0.011797 -0.574198 0.818559
1575281586.565362 -77.080474 2.379799 -1.005274 0.010096 -0.013522 -0.559970 0.828341
1575281586.669112 -76.860502 1.922566 -0.992871 0.009496 -0.014883 -0.543961 0.838925
1575281586.772912 -76.620161 1.474020 -0.985375 0.010868 -0.015858 -0.525778 0.850405
1575281586.876362 -76.368693 1.041441 -0.975585 0.012680 -0.015865 -0.504583 0.863124
1575281586.979962 -76.089744 0.633512 -0.963335 0.011997 -0.014568 -0.482103 0.875912
1575281587.083882 -75.777376 0.251748 -0.948000 0.009217 -0.013484 -0.459514 0.888020
1575281587.187322 -75.461468 -0.112603 -0.937822 0.007244 -0.013936 -0.436388 0.899621
1575281587.291072 -75.136163 -0.463092 -0.925676 0.007226 -0.015733 -0.412425 0.910827
1575281587.394782 -74.791101 -0.798535 -0.908139 0.008770 -0.017581 -0.388454 0.921259
1575281587.498502 -74.429542 -1.102356 -0.886283 0.006710 -0.015935 -0.364784 0.930931
1575281587.602392 -74.042088 -1.376160 -0.864486 0.002438 -0.013072 -0.341118 0.939926
1575281587.706122 -73.651876 -1.633589 -0.852414 -0.000207 -0.010863 -0.316740 0.948450
1575281587.809922 -73.251506 -1.882654 -0.841894 0.000330 -0.008107 -0.292001 0.956384
1575281587.913762 -72.830679 -2.118674 -0.831807 0.002263 -0.005395 -0.267363 0.963578
1575281588.017492 -72.402723 -2.328087 -0.820221 0.001640 -0.001917 -0.242884 0.970052
1575281588.121462 -71.945741 -2.496462 -0.812023 -0.003499 0.002492 -0.218272 0.975878
1575281588.225242 -71.496028 -2.649065 -0.810951 -0.005455 0.004027 -0.193970 0.980984
1575281588.329112 -71.044246 -2.795643 -0.820194 -0.006063 0.002675 -0.169745 0.985466
1575281588.433132 -70.575745 -2.925336 -0.824410 -0.005572 0.001541 -0.147438 0.989054
1575281588.537112 -70.102876 -3.035989 -0.835025 -0.005897 0.001336 -0.127534 0.991816
1575281588.641242 -69.613590 -3.123401 -0.841469 -0.008696 0.001364 -0.108915 0.994012
1575281588.745242 -69.122697 -3.197202 -0.851135 -0.011445 0.000684 -0.091833 0.995708
1575281588.849492 -68.619485 -3.265367 -0.852869 -0.012515 0.000871 -0.077570 0.996908
1575281588.953752 -68.106107 -3.326456 -0.852641 -0.012931 0.001338 -0.066290 0.997716
1575281589.057882 -67.585971 -3.379609 -0.850732 -0.013219 0.001746 -0.055892 0.998348
1575281589.162112 -67.057369 -3.427551 -0.852258 -0.012035 0.001495 -0.046372 0.998851
1575281589.266372 -66.517428 -3.465203 -0.850043 -0.011594 0.000438 -0.038787 0.999180
1575281589.370622 -65.962668 -3.495573 -0.844461 -0.012111 -0.000204 -0.031760 0.999422
1575281589.474862 -65.389745 -3.517518 -0.840157 -0.012493 -0.000345 -0.024441 0.999623
1575281589.578992 -64.803016 -3.533374 -0.836494 -0.012269 -0.000640 -0.017515 0.999771
1575281589.683132 -64.198251 -3.542644 -0.832067 -0.011953 -0.000901 -0.010555 0.999872
1575281589.787242 -63.576637 -3.547443 -0.826585 -0.010840 -0.000605 -0.003390 0.999935
1575281589.891382 -62.938752 -3.541119 -0.821200 -0.010711 -0.000942 0.003159 0.999937
1575281589.995622 -62.284669 -3.524762 -0.815541 -0.011265 -0.001531 0.008302 0.999901
1575281590.099752 -61.615686 -3.502949 -0.809369 -0.012155 -0.002198 0.012595 0.999844
1575281590.203872 -60.929006 -3.480470 -0.803151 -0.012047 -0.002929 0.015809 0.999798
1575281590.308122 -60.222776 -3.448454 -0.791996 -0.012137 -0.003226 0.017947 0.999760
1575281590.412242 -59.506511 -3.415001 -0.783557 -0.011854 -0.003319 0.019713 0.999730
1575281590.516392 -58.773198 -3.382607 -0.776963 -0.011883 -0.002820 0.021145 0.999702
1575281590.620482 -58.025196 -3.350764 -0.769587 -0.011192 -0.001904 0.022476 0.999683
1575281590.724612 -57.267398 -3.317373 -0.762454 -0.010456 -0.000678 0.024077 0.999655
1575281590.828742 -56.505601 -3.280397 -0.754581 -0.009935 0.000506 0.025634 0.999622
1575281590.932912 -55.741139 -3.239606 -0.747748 -0.009761 0.001702 0.027192 0.999581
1575281591.037012 -54.976319 -3.198441 -0.741876 -0.008819 0.002644 0.028821 0.999542
1575281591.140992 -54.214452 -3.155742 -0.736677 -0.007695 0.003051 0.030567 0.999498
1575281591.244992 -53.448711 -3.107824 -0.732753 -0.006649 0.003159 0.032392 0.999448
1575281591.348992 -52.683798 -3.051064 -0.730452 -0.006378 0.003099 0.034272 0.999387
1575281591.453142 -51.917560 -2.990730 -0.728266 -0.006168 0.002869 0.036160 0.999323
1575281591.556992 -51.152549 -2.928908 -0.725143 -0.006175 0.002933 0.037720 0.999265
1575281591.660992 -50.386343 -2.863392 -0.722060 -0.006507 0.003064 0.038752 0.999223
1575281591.764992 -49.622024 -2.799032 -0.717630 -0.006814 0.002938 0.039381 0.999197
1575281591.868992 -48.855729 -2.732131 -0.713144 -0.007431 0.002918 0.039718 0.999179
1575281591.972992 -48.091580 -2.672423 -0.705612 -0.007489 0.002995 0.039808 0.999175
1575281592.076992 -47.327850 -2.622248 -0.693672 -0.007077 0.003345 0.039783 0.999178
1575281592.181012 -46.564789 -2.566347 -0.682633 -0.006966 0.003749 0.039772 0.999177
1575281592.284872 -45.805938 -2.508729 -0.671638 -0.006988 0.004333 0.039770 0.999175
1575281592.388892 -45.048041 -2.451093 -0.663287 -0.006828 0.004792 0.039776 0.999174
1575281592.492742 -44.294468 -2.393855 -0.654722 -0.006744 0.004774 0.039749 0.999176
1575281592.596742 -43.543632 -2.334500 -0.647166 -0.007200 0.004594 0.039596 0.999179
1575281592.700772 -42.794987 -2.276869 -0.640322 -0.007124 0.004321 0.039145 0.999199
1575281592.804612 -42.051451 -2.222916 -0.633511 -0.006616 0.004046 0.038576 0.999226
1575281592.908622 -41.311681 -2.171470 -0.623336 -0.006735 0.004023 0.037809 0.999254
1575281593.012622 -40.581809 -2.119396 -0.607691 -0.007244 0.003722 0.037042 0.999281
1575281593.116612 -39.860619 -2.072719 -0.594923 -0.005913 0.004399 0.036411 0.999310
1575281593.220492 -39.148849 -2.026206 -0.582222 -0.005069 0.005276 0.035855 0.999330
1575281593.324472 -38.447967 -1.970245 -0.572575 -0.006489 0.006343 0.035216 0.999339
1575281593.428472 -37.760283 -1.922690 -0.559468 -0.006784 0.006585 0.034471 0.999361
1575281593.532372 -37.085369 -1.881966 -0.551270 -0.005399 0.005220 0.034324 0.999383
1575281593.636372 -36.421254 -1.845540 -0.535496 -0.005120 0.004219 0.034126 0.999396
1575281593.740372 -35.764276 -1.802391 -0.523293 -0.006316 0.002131 0.033515 0.999416
1575281593.844372 -35.112544 -1.759790 -0.507634 -0.007739 0.001203 0.033348 0.999413
1575281593.948272 -34.464698 -1.719627 -0.491072 -0.008166 0.000998 0.033166 0.999416
1575281594.052272 -33.820122 -1.681462 -0.475139 -0.008165 0.001008 0.032818 0.999427
1575281594.156272 -33.183189 -1.642956 -0.461987 -0.008225 0.000342 0.032592 0.999435
1575281594.260272 -32.550669 -1.601916 -0.450618 -0.008935 -0.000194 0.032568 0.999430
1575281594.364072 -31.923322 -1.560283 -0.439554 -0.009709 -0.000593 0.032513 0.999424
1575281594.468172 -31.299303 -1.520170 -0.428836 -0.010274 -0.000695 0.032538 0.999417
1575281594.572072 -30.680224 -1.484780 -0.416701 -0.010089 -0.000398 0.032792 0.999411
1575281594.675972 -30.064715 -1.449624 -0.402019 -0.009718 0.000038 0.033099 0.999405
1575281594.779972 -29.454539 -1.413212 -0.381683 -0.009461 0.000157 0.033519 0.999393
1575281594.883872 -28.845363 -1.377332 -0.366270 -0.009114 -0.000032 0.034196 0.999374
1575281594.987872 -28.239548 -1.345149 -0.347654 -0.008767 -0.000653 0.035027 0.999348
1575281595.091772 -27.635415 -1.309380 -0.329475 -0.008737 -0.001202 0.035750 0.999322
1575281595.195772 -27.033292 -1.276454 -0.313236 -0.008771 -0.001217 0.036692 0.999287
1575281595.299572 -26.435105 -1.240116 -0.298248 -0.008656 -0.001165 0.037756 0.999249
1575281595.403572 -25.838231 -1.203639 -0.283311 -0.008156 -0.001210 0.038751 0.999215
1575281595.507472 -25.243462 -1.167445 -0.271840 -0.007287 -0.001075 0.039690 0.999185
1575281595.611472 -24.650547 -1.130370 -0.261802 -0.006772 -0.000461 0.040752 0.999146
1575281595.715372 -24.063833 -1.091472 -0.255171 -0.006784 -0.000009 0.041646 0.999109
1575281595.819372 -23.480090 -1.049013 -0.247626 -0.007048 0.000463 0.042438 0.999074
1575281595.923272 -22.901342 -1.006163 -0.240261 -0.007353 0.001122 0.043378 0.999031
1575281596.027272 -22.329261 -0.962658 -0.232384 -0.007295 0.001498 0.044025 0.999003
1575281596.131072 -21.767961 -0.920815 -0.226127 -0.007245 0.001584 0.044381 0.998987
1575281596.235172 -21.215027 -0.874150 -0.218780 -0.007441 0.001555 0.044487 0.998981
1575281596.339072 -20.672697 -0.832764 -0.214011 -0.007983 0.001704 0.044172 0.998991
1575281596.443172 -20.142389 -0.791502 -0.207403 -0.008493 0.001617 0.043450 0.999018
1575281596.546972 -19.622057 -0.755795 -0.205671 -0.008686 0.001610 0.042756 0.999046
1575281596.650972 -19.113642 -0.721892 -0.202157 -0.008410 0.001591 0.042127 0.999076
1575281596.754972 -18.617924 -0.689635 -0.200637 -0.008368 0.001471 0.041393 0.999107
1575281596.858972 -18.134026 -0.657879 -0.197551 -0.008418 0.001045 0.040577 0.999140
1575281596.962972 -17.659257 -0.626549 -0.195703 -0.008555 0.000875 0.040011 0.999162
1575281597.066972 -17.198224 -0.593289 -0.188861 -0.008640 0.000899 0.039430 0.999185
1575281597.170972 -16.746127 -0.559924 -0.181764 -0.008872 0.000887 0.038823 0.999206
1575281597.275072 -16.308723 -0.529124 -0.172860 -0.008767 0.001113 0.038252 0.999229
1575281597.378972 -15.887368 -0.500406 -0.164360 -0.008444 0.001294 0.037763 0.999250
1575281597.487672 -15.466309 -0.469278 -0.155950 -0.008131 0.001760 0.037206 0.999273
1575281597.587272 -15.096226 -0.440529 -0.148871 -0.008620 0.002417 0.036724 0.999285
1575281597.691872 -14.727725 -0.411257 -0.142022 -0.009327 0.002808 0.036242 0.999296
1575281597.794872 -14.386139 -0.386175 -0.135632 -0.009625 0.002750 0.035763 0.999310
1575281597.898872 -14.065555 -0.365050 -0.123882 -0.009033 0.002500 0.035397 0.999329
1575281598.002872 -13.761519 -0.346846 -0.115126 -0.008605 0.002084 0.035092 0.999345
1575281598.106872 -13.475219 -0.327927 -0.105722 -0.008328 0.001818 0.034737 0.999360
1575281598.210872 -13.199954 -0.310277 -0.097865 -0.008595 0.001539 0.034445 0.999368
1575281598.315272 -12.931169 -0.296261 -0.091336 -0.008589 0.001067 0.034200 0.999378
1575281598.418572 -12.670887 -0.283295 -0.085867 -0.008332 0.000127 0.034025 0.999386
1575281598.522672 -12.411876 -0.273235 -0.081341 -0.008104 -0.000805 0.033814 0.999395
1575281598.626672 -12.153962 -0.261932 -0.076663 -0.008087 -0.000994 0.033672 0.999400
1575281598.730672 -11.897577 -0.254661 -0.072414 -0.008080 -0.000720 0.033628 0.999401
1575281598.834572 -11.644293 -0.249366 -0.067704 -0.007764 -0.000458 0.033566 0.999406
1575281598.938472 -11.391772 -0.238125 -0.063564 -0.007491 -0.000324 0.033502 0.999411
1575281599.042372 -11.140822 -0.225635 -0.058222 -0.007285 -0.000147 0.033489 0.999413
1575281599.146372 -10.893908 -0.212143 -0.053790 -0.007437 -0.000123 0.033573 0.999409
1575281599.250372 -10.645415 -0.199293 -0.052837 -0.007261 -0.000086 0.033616 0.999408
1575281599.354272 -10.398597 -0.185961 -0.048138 -0.006788 -0.000162 0.034081 0.999396
1575281599.458172 -10.152566 -0.172897 -0.043291 -0.006083 -0.000057 0.035456 0.999353
1575281599.562172 -9.908040 -0.156723 -0.037888 -0.005941 -0.000080 0.037677 0.999272
1575281599.665972 -9.665041 -0.140757 -0.034696 -0.006144 -0.000048 0.040717 0.999152
1575281599.769872 -9.424294 -0.124077 -0.031748 -0.006267 -0.000276 0.044500 0.998990
1575281599.874372 -9.183032 -0.104891 -0.029389 -0.006902 -0.000294 0.048318 0.998808
1575281599.977672 -8.946996 -0.081543 -0.024844 -0.007943 -0.000331 0.051190 0.998657
1575281600.081672 -8.712672 -0.058889 -0.017921 -0.008655 -0.000522 0.053540 0.998528
1575281600.186072 -8.475608 -0.037095 -0.014252 -0.008162 -0.000675 0.055993 0.998398
1575281600.289572 -8.241261 -0.014308 -0.011971 -0.007568 -0.000720 0.058489 0.998259
1575281600.393472 -8.007356 0.012925 -0.010216 -0.008055 -0.000811 0.060508 0.998135
1575281600.497372 -7.776742 0.045676 -0.007199 -0.009359 -0.000969 0.061670 0.998052
1575281600.601372 -7.548181 0.079891 -0.001125 -0.010499 -0.001146 0.061955 0.998023
1575281600.705472 -7.319612 0.107316 0.003157 -0.010523 -0.001281 0.061585 0.998046
1575281600.809472 -7.092221 0.132484 0.006194 -0.010292 -0.001204 0.060923 0.998089
1575281600.913472 -6.865744 0.155856 0.010108 -0.009894 -0.001065 0.060066 0.998145
1575281601.017572 -6.636349 0.182603 0.018439 -0.009996 -0.000848 0.058946 0.998211
1575281601.121672 -6.410751 0.209047 0.026412 -0.009928 -0.000756 0.057691 0.998285
1575281601.225672 -6.186919 0.235571 0.035354 -0.009790 -0.001077 0.056449 0.998357
1575281601.329672 -5.963937 0.260331 0.043534 -0.009701 -0.001134 0.055099 0.998433
1575281601.433772 -5.740349 0.283975 0.051914 -0.009818 -0.001029 0.053507 0.998519
1575281601.537772 -5.517398 0.304478 0.059267 -0.009685 -0.000983 0.051595 0.998621
1575281601.641772 -5.294162 0.322019 0.064503 -0.009671 -0.000970 0.049506 0.998727
1575281601.745772 -5.067197 0.338976 0.068781 -0.009620 -0.001352 0.047517 0.998823
1575281601.849672 -4.832243 0.355688 0.073263 -0.009578 -0.002279 0.045457 0.998918
1575281601.953672 -4.585443 0.368865 0.075152 -0.009286 -0.003018 0.043185 0.999019
1575281602.057672 -4.326687 0.383069 0.077893 -0.009131 -0.003178 0.040895 0.999117
1575281602.161672 -4.056256 0.395444 0.079663 -0.008896 -0.002985 0.038480 0.999215
1575281602.265472 -3.774798 0.407633 0.083102 -0.008486 -0.002863 0.036060 0.999309
1575281602.369472 -3.481849 0.415780 0.087658 -0.007545 -0.002411 0.033572 0.999405
1575281602.473472 -3.180237 0.426379 0.093070 -0.006677 -0.001660 0.030934 0.999498
1575281602.577372 -2.871237 0.440475 0.097162 -0.006152 -0.000968 0.028510 0.999574
1575281602.681372 -2.554371 0.451899 0.100594 -0.005727 -0.000649 0.026167 0.999641
1575281602.785272 -2.229713 0.460768 0.101283 -0.005783 -0.000278 0.024040 0.999694
1575281602.889272 -1.895371 0.469438 0.103687 -0.005814 0.000220 0.021922 0.999743
1575281602.993172 -1.554559 0.477555 0.107902 -0.005334 0.000760 0.019841 0.999789
1575281603.097172 -1.205107 0.482889 0.112353 -0.004506 0.000969 0.018081 0.999826
1575281603.201072 -0.849002 0.484883 0.114665 -0.003250 0.000127 0.016789 0.999854
1575281603.304872 -0.483658 0.489395 0.117077 -0.002586 -0.001021 0.015996 0.999868
1575281603.408772 -0.107480 0.498355 0.119143 -0.003230 -0.002152 0.015303 0.999875
1575281603.512672 0.279922 0.510864 0.120559 -0.004920 -0.002153 0.014041 0.999887
1575281603.616672 0.681125 0.502940 0.109157 -0.007444 -0.001586 0.011385 0.999906
1575281603.720672 1.090147 0.467017 0.088207 -0.006483 -0.001097 0.007448 0.999951
1575281603.824472 1.493283 0.428582 0.080818 -0.002282 -0.000982 0.003514 0.999991
1575281603.928372 1.891257 0.382827 0.075990 0.002066 -0.002205 0.001660 0.999994
1575281604.032272 2.282151 0.362055 0.079709 0.003923 -0.003892 0.003147 0.999980
1575281604.135872 2.669694 0.356819 0.078501 0.002121 -0.004972 0.008742 0.999947
1575281604.239572 3.050965 0.370172 0.076275 -0.000432 -0.006875 0.017019 0.999831
1575281604.343272 3.428831 0.391119 0.074751 -0.004156 -0.008708 0.025752 0.999622
1575281604.446872 3.803536 0.412203 0.076897 -0.004509 -0.009726 0.035205 0.999323
1575281604.550672 4.176442 0.434037 0.083253 -0.002512 -0.009694 0.046750 0.998856
1575281604.654372 4.548222 0.473161 0.094757 -0.002562 -0.006631 0.058801 0.998244
1575281604.757972 4.913288 0.533946 0.107927 -0.005301 -0.003361 0.071492 0.997421
1575281604.861772 5.268571 0.603587 0.115949 -0.007811 -0.001614 0.084648 0.996379
1575281604.965372 5.616114 0.679044 0.122207 -0.009033 -0.000822 0.097667 0.995178
1575281605.069172 5.960990 0.755434 0.126957 -0.009422 0.000779 0.109780 0.993911
1575281605.173072 6.303281 0.838517 0.131528 -0.008921 0.002236 0.120380 0.992685
1575281605.276872 6.639263 0.935956 0.136821 -0.011176 0.003774 0.127459 0.991774
1575281605.380872 6.972405 1.037111 0.142780 -0.014693 0.005204 0.131640 0.991175
1575281605.484972 7.303799 1.129550 0.143043 -0.016853 0.006406 0.132726 0.990989
1575281605.589172 7.631785 1.214054 0.142807 -0.017636 0.006349 0.130472 0.991275
1575281605.693372 7.957842 1.286765 0.143303 -0.016525 0.006401 0.126568 0.991800
1575281605.797672 8.262923 1.343277 0.144498 -0.013672 0.008360 0.122485 0.992341
1575281605.901772 8.534202 1.392425 0.142200 -0.012163 0.009558 0.117713 0.992927
1575281606.005872 8.763941 1.441269 0.143185 -0.012930 0.010336 0.112582 0.993505
1575281606.109972 8.958963 1.478551 0.146551 -0.013417 0.010425 0.107677 0.994041
1575281606.214172 9.117938 1.505289 0.148448 -0.013267 0.009764 0.102831 0.994562
1575281606.318272 9.243031 1.521826 0.147826 -0.011960 0.009302 0.098908 0.994981
1575281606.422372 9.335122 1.535254 0.147028 -0.011064 0.008833 0.096263 0.995255
1575281606.526372 9.391075 1.547263 0.146848 -0.011305 0.008385 0.094312 0.995443
1575281606.630372 9.415461 1.556239 0.146484 -0.011736 0.007602 0.093396 0.995531
1575281606.734372 9.414811 1.557030 0.146584 -0.011670 0.007390 0.093515 0.995522
1575281606.838372 9.396786 1.557877 0.149378 -0.011926 0.006225 0.093707 0.995509
1575281606.942372 9.388232 1.558691 0.153057 -0.012031 0.003755 0.093510 0.995539
1575281607.046372 9.385425 1.561301 0.153754 -0.011851 0.002259 0.093654 0.995532
1575281607.150272 9.381744 1.562108 0.150878 -0.011694 0.002511 0.093654 0.995533
1575281607.254272 9.378898 1.564200 0.148124 -0.011658 0.002920 0.093536 0.995543
1575281607.358272 9.380421 1.564522 0.148305 -0.011665 0.003155 0.093709 0.995526
1575281607.462272 9.379690 1.564796 0.147753 -0.011859 0.003494 0.093644 0.995529
1575281607.566272 9.376844 1.564636 0.146320 -0.011889 0.003436 0.093657 0.995528
