1575282629.094750 0.000000 0.000000 0.000000 0.000000 -0.000000 0.000000 1.000000
1575282629.198878 1.310828 -0.003942 0.010136 0.000454 0.000661 0.000107 1.000000
1575282629.303004 2.625649 -0.005834 0.025598 0.000827 0.000926 0.000278 0.999999
1575282629.407254 3.942082 -0.010158 0.037593 0.001710 0.000263 0.000356 0.999998
1575282629.511375 5.261500 -0.013444 0.050919 0.001821 0.000402 0.000312 0.999998
1575282629.615505 6.582260 -0.017323 0.059235 0.001966 0.000815 0.000250 0.999998
1575282629.719754 7.909539 -0.023340 0.066062 0.002756 0.001341 0.000198 0.999995
1575282629.823878 9.239866 -0.026664 0.073925 0.002598 0.001785 0.000292 0.999995
1575282629.928002 10.570483 -0.028650 0.081671 0.002320 0.000927 0.000421 0.999997
1575282630.032256 11.904972 -0.030048 0.085803 0.000953 -0.000397 0.000471 0.999999
1575282630.136380 13.242785 -0.028841 0.090104 -0.000772 -0.000864 0.000308 0.999999
1575282630.240625 14.581300 -0.025923 0.100662 -0.001981 -0.000789 0.000270 0.999998
1575282630.344753 15.931652 -0.024411 0.113992 -0.002595 -0.000434 0.000206 0.999997
1575282630.449005 17.283501 -0.028615 0.124744 -0.001495 0.000887 0.000004 0.999998
1575282630.553151 18.636216 -0.036164 0.134013 0.000452 0.001999 -0.000114 0.999998
1575282630.657276 19.988124 -0.043551 0.140643 0.001821 0.000912 0.000014 0.999998
1575282630.761504 21.342633 -0.045479 0.154258 0.002560 -0.000282 0.000098 0.999997
1575282630.865757 22.707170 -0.042886 0.174041 0.001421 -0.001035 -0.000229 0.999998
1575282630.969879 24.073763 -0.038458 0.190223 -0.000076 -0.000378 -0.000625 1.000000
1575282631.074127 25.450935 -0.038459 0.205289 -0.000724 0.002723 -0.000942 0.999996
1575282631.178252 26.822639 -0.045782 0.214762 0.000520 0.002741 -0.001167 0.999995
1575282631.282509 28.197038 -0.055921 0.228065 0.002665 0.001944 -0.000983 0.999994
1575282631.386631 29.572353 -0.061933 0.241207 0.002961 0.000658 -0.001008 0.999995
1575282631.490882 30.952035 -0.067167 0.257679 0.003081 -0.000487 -0.001221 0.999994
1575282631.595007 32.337618 -0.068261 0.274434 0.001422 -0.000685 -0.001600 0.999997
1575282631.699133 33.720096 -0.072246 0.291955 0.000947 -0.001739 -0.001803 0.999996
1575282631.803378 35.113256 -0.076835 0.313609 0.000499 -0.001969 -0.001767 0.999996
1575282631.907507 36.510656 -0.081589 0.336792 0.000467 -0.000818 -0.001714 0.999998
1575282632.011631 37.908900 -0.087401 0.353491 0.000085 -0.000019 -0.001494 0.999999
1575282632.115756 39.304667 -0.091776 0.368243 -0.001267 -0.000173 -0.001475 0.999998
1575282632.220006 40.707557 -0.096697 0.378896 -0.002536 -0.000260 -0.001537 0.999996
1575282632.324129 42.114370 -0.099028 0.396932 -0.003612 -0.000001 -0.001532 0.999992
1575282632.428252 43.522085 -0.103948 0.411264 -0.004163 0.000139 -0.001393 0.999990
1575282632.532379 44.931794 -0.111783 0.425659 -0.003638 -0.000071 -0.001184 0.999993
1575282632.636504 46.344898 -0.119432 0.437402 -0.003219 -0.000388 -0.000844 0.999994
1575282632.740630 47.760822 -0.125753 0.450432 -0.002903 -0.000024 -0.000362 0.999996
1575282632.844757 49.183589 -0.128340 0.464430 -0.003004 0.000400 0.000144 0.999995
1575282632.948881 50.606264 -0.129555 0.476933 -0.003319 0.000525 0.000679 0.999994
1575282633.053026 52.032467 -0.129894 0.488466 -0.003310 0.000329 0.001265 0.999994
1575282633.157133 53.461505 -0.129393 0.498477 -0.003426 0.000963 0.001828 0.999992
1575282633.261256 54.889171 -0.127974 0.511014 -0.002728 0.001442 0.002227 0.999993
1575282633.365383 56.321227 -0.127024 0.521767 -0.001979 0.001395 0.002541 0.999994
1575282633.469506 57.750198 -0.126564 0.532740 -0.000836 0.001175 0.002843 0.999995
1575282633.573634 59.178469 -0.126257 0.541341 -0.000162 0.001394 0.002878 0.999995
1575282633.677882 60.608151 -0.125392 0.551957 0.000443 0.001715 0.002661 0.999995
1575282633.782009 62.033077 -0.124316 0.563091 0.000954 0.002032 0.002467 0.999994
1575282633.886134 63.457200 -0.122998 0.576797 0.001918 0.001817 0.002243 0.999994
1575282633.990255 64.877130 -0.124108 0.587674 0.002666 0.001395 0.001994 0.999993
1575282634.094380 66.294732 -0.123536 0.599826 0.002625 0.001112 0.001669 0.999995
1575282634.198508 67.708558 -0.121791 0.611194 0.001753 0.001147 0.001272 0.999997
1575282634.302619 69.121635 -0.114840 0.628396 0.000336 0.001817 0.001046 0.999998
1575282634.406748 70.535933 -0.109385 0.641450 -0.001496 0.002477 0.000677 0.999996
1575282634.510995 71.945874 -0.103463 0.652924 -0.003322 0.002758 0.000317 0.999991
1575282634.614994 73.346024 -0.098570 0.661488 -0.005571 0.002567 0.000003 0.999981
1575282634.719255 74.748670 -0.096147 0.669559 -0.007108 0.002330 -0.000344 0.999972
1575282634.823383 76.150839 -0.091980 0.684315 -0.008186 0.002199 -0.000684 0.999964
1575282634.927389 77.547246 -0.093227 0.696012 -0.008323 0.002266 -0.000851 0.999962
1575282635.031507 78.941525 -0.097657 0.707095 -0.007706 0.002347 -0.000934 0.999967
1575282635.135639 80.332024 -0.103758 0.716343 -0.007123 0.001870 -0.000905 0.999972
1575282635.239762 81.717620 -0.107293 0.728930 -0.006748 0.001805 -0.000768 0.999975
1575282635.343760 83.103999 -0.110478 0.740398 -0.006770 0.001939 -0.000652 0.999975
1575282635.447885 84.490531 -0.109063 0.752609 -0.006541 0.001677 -0.000388 0.999977
1575282635.552010 85.872618 -0.103907 0.764027 -0.006715 0.001854 -0.000023 0.999976
1575282635.656136 87.257345 -0.092477 0.778836 -0.006520 0.002205 0.000447 0.999976
1575282635.760261 88.636471 -0.086464 0.789599 -0.005451 0.002726 0.001011 0.999981
1575282635.864386 90.013892 -0.075916 0.800666 -0.004375 0.003077 0.001610 0.999984
1575282635.968386 91.382906 -0.065966 0.809081 -0.003378 0.003156 0.001914 0.999987
1575282636.072509 92.749011 -0.051545 0.818401 -0.002730 0.002814 0.002143 0.999990
1575282636.176635 94.111197 -0.037206 0.827426 -0.002116 0.002553 0.002274 0.999992
1575282636.280763 95.468682 -0.015572 0.838898 -0.002446 0.002361 0.002343 0.999991
1575282636.384761 96.821828 0.003486 0.850075 -0.002346 0.002016 0.002280 0.999993
1575282636.488885 98.173546 0.021707 0.861497 -0.002710 0.001680 0.002159 0.999993
1575282636.593006 99.523386 0.041713 0.874149 -0.003511 0.001746 0.001982 0.999990
1575282636.697136 100.868770 0.053425 0.883297 -0.003744 0.002435 0.001867 0.999988
1575282636.801133 102.214136 0.071804 0.896258 -0.004394 0.003216 0.001798 0.999984
1575282636.905261 103.554661 0.086566 0.906483 -0.004131 0.002561 0.001765 0.999987
1575282637.009382 104.893198 0.102570 0.917855 -0.004072 0.001241 0.001711 0.999989
1575282637.113513 106.229508 0.110035 0.926117 -0.003803 0.000652 0.001726 0.999991
1575282637.217510 107.574276 0.126207 0.943112 -0.002737 0.001305 0.001651 0.999994
1575282637.321633 108.915689 0.140131 0.958090 -0.001555 0.002362 0.001346 0.999995
1575282637.425761 110.254122 0.160661 0.975274 -0.000768 0.002697 0.000884 0.999996
1575282637.529888 111.586173 0.178782 0.989671 -0.000330 0.001977 0.000519 0.999998
1575282637.634032 112.914554 0.195957 1.004284 -0.001288 0.000779 0.000183 0.999999
1575282637.738137 114.238109 0.202172 1.015000 -0.002269 -0.000315 -0.000363 0.999997
1575282637.842259 115.569721 0.207916 1.027341 -0.003792 -0.000418 -0.001061 0.999992
1575282637.946385 116.902897 0.209820 1.038658 -0.004510 0.000677 -0.001761 0.999988
1575282638.050513 118.237574 0.207564 1.048366 -0.004556 0.001901 -0.002280 0.999985
1575282638.154636 119.571589 0.202426 1.053970 -0.004058 0.002252 -0.002672 0.999986
1575282638.258762 120.914846 0.203017 1.065489 -0.004317 0.001882 -0.003184 0.999984
1575282638.362885 122.278940 0.214699 1.091179 -0.005203 0.001652 -0.003800 0.999978
1575282638.467009 123.634896 0.221329 1.111405 -0.006222 0.001473 -0.004364 0.999970
1575282638.571142 124.994302 0.225241 1.132557 -0.006604 0.000943 -0.004926 0.999966
1575282638.675263 126.348010 0.224911 1.149552 -0.007154 0.000667 -0.005470 0.999959
1575282638.779390 127.703638 0.229102 1.180446 -0.006738 0.000534 -0.005928 0.999960
1575282638.883534 129.060985 0.227569 1.204218 -0.006478 0.000929 -0.006311 0.999959
1575282638.987638 130.418708 0.227515 1.230777 -0.005997 0.001689 -0.006727 0.999958
1575282639.091760 131.767548 0.220747 1.248310 -0.005499 0.001721 -0.006890 0.999960
1575282639.195890 133.121719 0.213482 1.267830 -0.004461 0.001907 -0.006884 0.999965
1575282639.300010 134.473651 0.209934 1.294456 -0.003626 0.002162 -0.006726 0.999968
1575282639.404140 135.827017 0.207931 1.321013 -0.002869 0.001973 -0.006463 0.999973
1575282639.508140 137.173145 0.203116 1.340156 -0.002070 0.001924 -0.005842 0.999979
1575282639.612260 138.525166 0.200070 1.360259 -0.001439 0.002421 -0.005307 0.999982
1575282639.716390 139.875523 0.196567 1.378487 -0.000653 0.002569 -0.004802 0.999985
1575282639.820510 141.225994 0.196635 1.402828 -0.000276 0.002518 -0.004155 0.999988
1575282639.924640 142.575399 0.196561 1.420950 -0.000141 0.002282 -0.003532 0.999991
1575282640.028770 143.923195 0.197792 1.437629 0.000051 0.002027 -0.003015 0.999993
1575282640.132890 145.271107 0.198892 1.455887 0.000870 0.001133 -0.002535 0.999996
1575282640.237020 146.614466 0.197925 1.478287 0.003636 0.000398 -0.001996 0.999991
1575282640.341140 147.967583 0.197323 1.506856 0.007040 0.001793 -0.001445 0.999973
1575282640.445270 149.316984 0.192485 1.524808 0.010864 0.002250 -0.000737 0.999938
1575282640.549390 150.662062 0.194701 1.544559 0.012527 0.001034 -0.000153 0.999921
1575282640.653530 152.005522 0.201332 1.561581 0.012564 -0.000966 -0.000268 0.999921
1575282640.757770 153.351228 0.215171 1.588537 0.010788 -0.001844 -0.000690 0.999940
1575282640.861910 154.698408 0.219117 1.609935 0.010658 -0.001837 -0.001065 0.999941
1575282640.966010 156.047405 0.214935 1.631785 0.012022 -0.000267 -0.001382 0.999927
1575282641.070140 157.397766 0.203696 1.648759 0.014748 0.001351 -0.001646 0.999889
1575282641.174390 158.746918 0.189882 1.663141 0.016826 0.001703 -0.001660 0.999856
1575282641.278520 160.093743 0.178402 1.676681 0.017724 0.001886 -0.001637 0.999840
1575282641.382640 161.444299 0.170131 1.693383 0.016945 0.002077 -0.002040 0.999852
1575282641.486770 162.794202 0.166976 1.708310 0.014972 0.001910 -0.002633 0.999883
1575282641.591010 164.144854 0.158028 1.725328 0.013252 0.000720 -0.003086 0.999907
1575282641.695140 165.496103 0.147868 1.739612 0.011830 0.000305 -0.003453 0.999924
1575282641.799270 166.854623 0.136633 1.756051 0.010826 0.000982 -0.003646 0.999934
1575282641.903390 168.215728 0.123566 1.773482 0.010007 0.000888 -0.003527 0.999943
1575282642.007540 169.575858 0.113859 1.788348 0.009046 -0.000317 -0.003276 0.999954
1575282642.111640 170.935380 0.107808 1.806182 0.007300 -0.001766 -0.003015 0.999967
1575282642.215890 172.299622 0.077678 1.815131 0.004851 -0.002410 -0.002909 0.999981
1575282642.320020 173.668496 0.052374 1.834358 0.002554 -0.001978 -0.003046 0.999990
1575282642.424140 175.045103 0.039914 1.851825 0.000894 -0.000731 -0.003295 0.999994
1575282642.528270 176.424830 0.018257 1.865458 0.000717 0.000258 -0.003351 0.999994
1575282642.632390 177.801494 -0.003095 1.862200 0.002150 0.000922 -0.002963 0.999993
1575282642.736520 179.176962 -0.025524 1.862107 0.003432 0.000839 -0.002134 0.999991
1575282642.840660 180.558012 -0.036622 1.869866 0.003647 -0.001221 -0.001114 0.999992
1575282642.944770 181.937166 -0.044344 1.880330 0.003117 -0.003478 -0.000376 0.999989
1575282643.048900 183.325643 -0.041851 1.897080 0.000729 -0.003935 -0.000072 0.999992
1575282643.153150 184.719992 -0.039729 1.914815 -0.001303 -0.003236 0.000003 0.999994
1575282643.257270 186.115830 -0.046748 1.929819 -0.002155 -0.001698 -0.000120 0.999996
1575282643.361390 187.515528 -0.054703 1.948329 -0.002549 -0.000608 -0.000316 0.999997
1575282643.465520 188.917249 -0.057287 1.968967 -0.002227 -0.000201 -0.000354 0.999997
1575282643.569640 190.321953 -0.062091 1.988006 -0.001479 0.000188 -0.000326 0.999999
1575282643.673760 191.730132 -0.069076 2.007654 -0.000185 0.000403 -0.000327 1.000000
1575282643.777890 193.138797 -0.074184 2.029132 0.001146 0.000407 -0.000524 0.999999
1575282643.882040 194.557447 -0.079945 2.053200 0.002644 0.000885 -0.000697 0.999996
1575282643.986140 195.977244 -0.086325 2.074808 0.004680 0.001785 -0.000910 0.999987
1575282644.090270 197.399177 -0.088418 2.105784 0.006397 0.001799 -0.001037 0.999977
1575282644.194390 198.819259 -0.086676 2.129987 0.005464 -0.000309 -0.001153 0.999984
1575282644.298540 200.242278 -0.073871 2.170962 0.002192 -0.003106 -0.001385 0.999992
1575282644.402770 201.675634 -0.058541 2.205296 -0.002481 -0.003343 -0.001953 0.999989
1575282644.506890 203.113720 -0.044007 2.237953 -0.006612 -0.001213 -0.002627 0.999974
1575282644.611020 204.551741 -0.043177 2.254180 -0.007350 -0.000009 -0.002998 0.999968
1575282644.715140 205.989747 -0.049998 2.268561 -0.006331 -0.000036 -0.002738 0.999976
1575282644.819270 207.437759 -0.057731 2.283744 -0.004782 -0.000019 -0.002165 0.999986
1575282644.923390 208.887453 -0.062718 2.296511 -0.003539 -0.000064 -0.001611 0.999992
1575282645.027400 210.342804 -0.064913 2.310241 -0.003720 -0.000505 -0.001355 0.999992
1575282645.131520 211.804714 -0.062774 2.335407 -0.004442 -0.000434 -0.001297 0.999989
1575282645.235650 213.265377 -0.060259 2.359106 -0.005066 0.000056 -0.001229 0.999986
1575282645.339770 214.734475 -0.059061 2.385849 -0.004771 -0.000013 -0.001113 0.999988
1575282645.443890 216.206740 -0.062235 2.407739 -0.004561 -0.000716 -0.000921 0.999989
1575282645.548020 217.681971 -0.066739 2.425215 -0.004186 -0.000766 -0.000826 0.999991
1575282645.652140 219.162566 -0.065276 2.446277 -0.004360 -0.000595 -0.000600 0.999990
1575282645.756270 220.640009 -0.061897 2.468622 -0.004376 -0.000870 -0.000429 0.999990
1575282645.860400 222.126279 -0.060628 2.492386 -0.004401 -0.001006 -0.000331 0.999990
1575282645.964400 223.610541 -0.059254 2.511318 -0.004949 -0.000977 -0.000155 0.999987
1575282646.068520 225.100164 -0.060672 2.530326 -0.004770 -0.001181 0.000014 0.999988
1575282646.172640 226.590513 -0.062008 2.547257 -0.005020 -0.001125 0.000148 0.999987
1575282646.276780 228.081789 -0.065299 2.568686 -0.004548 -0.001058 0.000199 0.999989
1575282646.380890 229.572783 -0.068127 2.585736 -0.003922 -0.001377 0.000138 0.999991
1575282646.485020 231.067227 -0.073099 2.600099 -0.003356 -0.001202 0.000053 0.999994
1575282646.589150 232.564115 -0.078100 2.616566 -0.002562 -0.000828 -0.000049 0.999996
1575282646.693170 234.059998 -0.081654 2.635619 -0.002482 -0.000611 -0.000043 0.999997
1575282646.797270 235.561368 -0.082121 2.658540 -0.002670 -0.000690 -0.000000 0.999996
1575282646.901390 237.067066 -0.083048 2.682251 -0.003017 -0.001306 -0.000113 0.999995
1575282647.005400 238.572614 -0.082677 2.705844 -0.003654 -0.000905 -0.000371 0.999993
1575282647.109520 240.083377 -0.084016 2.728923 -0.003812 0.000310 -0.000683 0.999992
1575282647.213650 241.594466 -0.087646 2.748945 -0.003678 0.000504 -0.000938 0.999993
1575282647.317770 243.110621 -0.090675 2.770596 -0.003806 -0.000290 -0.001181 0.999992
1575282647.421770 244.625382 -0.095712 2.790790 -0.003792 -0.000970 -0.001462 0.999991
1575282647.525900 246.146654 -0.101059 2.808084 -0.004308 -0.000741 -0.001612 0.999989
1575282647.630110 247.671458 -0.108969 2.825781 -0.004062 -0.000271 -0.001641 0.999990
1575282647.734170 249.192140 -0.115792 2.842315 -0.004100 0.000098 -0.001484 0.999990
1575282647.838230 250.720511 -0.121329 2.861318 -0.004262 0.000262 -0.001368 0.999990
1575282647.942290 252.248336 -0.127070 2.875631 -0.004995 0.000312 -0.001384 0.999987
1575282648.046400 253.781358 -0.132990 2.890096 -0.005485 0.000329 -0.001482 0.999984
1575282648.150400 255.312965 -0.139293 2.902819 -0.005785 0.000341 -0.001424 0.999982
1575282648.254400 256.847617 -0.147019 2.919426 -0.004996 0.000498 -0.001434 0.999986
1575282648.358520 258.386014 -0.154605 2.936343 -0.004246 0.000948 -0.001386 0.999990
1575282648.462620 259.925313 -0.164432 2.952669 -0.002833 0.001454 -0.001422 0.999994
1575282648.566530 261.460264 -0.173741 2.967028 -0.002063 0.001061 -0.001271 0.999997
1575282648.670650 262.998167 -0.182438 2.980839 -0.001451 0.000352 -0.001141 0.999998
1575282648.774660 264.536655 -0.189166 3.000622 -0.000477 0.001255 -0.001428 0.999998
1575282648.878770 266.082926 -0.192623 3.023849 0.000051 0.002519 -0.001645 0.999995
1575282648.982820 267.623966 -0.199912 3.053678 0.001022 0.002014 -0.001722 0.999996
1575282649.086880 269.163644 -0.206368 3.079446 0.001442 0.001246 -0.001877 0.999996
1575282649.190900 270.703274 -0.209985 3.110781 0.000954 0.001209 -0.002196 0.999996
1575282649.294900 272.244937 -0.213634 3.141417 0.000214 0.001406 -0.002730 0.999995
1575282649.399020 273.791558 -0.217885 3.174843 -0.000639 0.001205 -0.003206 0.999994
1575282649.503020 275.334061 -0.223371 3.202173 -0.001238 0.001167 -0.003683 0.999992
1575282649.607060 276.880644 -0.226073 3.244215 -0.001620 0.000992 -0.004077 0.999990
1575282649.711150 278.422539 -0.234112 3.276873 -0.001801 0.000694 -0.004497 0.999988
1575282649.815170 279.972700 -0.242133 3.317994 -0.001535 0.000467 -0.004954 0.999986
1575282649.919270 281.523609 -0.256377 3.345788 -0.001243 0.000551 -0.005375 0.999985
1575282650.023440 283.077901 -0.272574 3.374027 -0.000787 0.001208 -0.005745 0.999982
1575282650.127530 284.628774 -0.292186 3.395620 -0.000079 0.001416 -0.005921 0.999981
1575282650.231530 286.173665 -0.310478 3.420586 0.000250 0.000236 -0.005964 0.999982
1575282650.335630 287.728156 -0.328345 3.448162 0.000713 -0.001051 -0.005799 0.999982
1575282650.439670 289.282018 -0.344797 3.476761 0.000556 -0.001204 -0.005378 0.999985
1575282650.543650 290.838932 -0.360804 3.502104 0.001362 -0.000873 -0.005026 0.999986
1575282650.647650 292.397943 -0.376057 3.526075 0.001315 -0.001182 -0.004521 0.999988
1575282650.751770 293.960509 -0.389214 3.553451 0.001182 -0.001319 -0.004241 0.999989
1575282650.855770 295.529848 -0.400117 3.582929 0.001164 -0.001067 -0.003884 0.999991
1575282650.959780 297.101678 -0.410738 3.613272 0.001389 -0.000917 -0.003459 0.999993
1575282651.063900 298.679770 -0.425232 3.633746 0.001715 -0.000533 -0.002940 0.999994
1575282651.167920 300.266545 -0.435770 3.656346 0.000925 0.000250 -0.002650 0.999996
1575282651.271900 301.851156 -0.444816 3.678586 0.000659 0.000540 -0.002962 0.999995
1575282651.375900 303.443207 -0.455038 3.703996 0.000368 0.000281 -0.003448 0.999994
1575282651.480020 305.039817 -0.469785 3.724268 0.001009 0.000055 -0.003645 0.999993
1575282651.584020 306.639021 -0.486296 3.749125 0.001869 -0.000384 -0.003741 0.999991
1575282651.688030 308.242051 -0.499805 3.773364 0.002692 -0.001354 -0.003904 0.999988
1575282651.792170 309.849526 -0.507575 3.807725 0.002822 -0.001848 -0.003910 0.999987
1575282651.896150 311.463872 -0.514743 3.838837 0.002557 -0.002310 -0.002852 0.999990
1575282652.000150 313.075548 -0.515329 3.873240 0.002099 -0.002109 -0.001775 0.999994
1575282652.104150 314.699750 -0.508697 3.908077 0.001232 -0.000532 -0.001554 0.999998
1575282652.208240 316.327317 -0.510421 3.937278 0.001847 0.001111 -0.001797 0.999996
1575282652.312170 317.956418 -0.513020 3.968724 0.002371 0.001532 -0.001902 0.999994
1575282652.416150 319.584909 -0.519084 3.993627 0.003084 0.000875 -0.002052 0.999993
1575282652.520150 321.214923 -0.524152 4.021521 0.003468 0.000893 -0.002225 0.999991
1575282652.624300 322.846750 -0.530370 4.047594 0.003405 0.001104 -0.002322 0.999991
1575282652.728300 324.472769 -0.535576 4.078827 0.003471 0.001004 -0.002567 0.999990
1575282652.832280 326.101437 -0.540906 4.106828 0.002747 0.000707 -0.002805 0.999992
1575282652.936410 327.731033 -0.546297 4.140698 0.002349 0.000332 -0.003141 0.999992
1575282653.040400 329.357959 -0.558476 4.167271 0.002909 0.001231 -0.003561 0.999989
1575282653.144400 330.984825 -0.572277 4.193678 0.003357 0.001785 -0.003626 0.999986
1575282653.248420 332.603450 -0.585843 4.212727 0.003970 0.001051 -0.003483 0.999986
1575282653.352530 334.223578 -0.594800 4.243440 0.003568 0.001105 -0.003486 0.999987
1575282653.456530 335.836773 -0.601966 4.269747 0.002371 0.000432 -0.003430 0.999991
1575282653.560530 337.443969 -0.610196 4.299588 0.001768 -0.001726 -0.003077 0.999992
1575282653.664530 339.055661 -0.617621 4.329090 0.000981 -0.001162 -0.002632 0.999995
1575282653.768650 340.663725 -0.624012 4.358968 0.000717 0.000549 -0.002182 0.999997
1575282653.872650 342.281621 -0.630722 4.379921 0.000131 0.002170 -0.001633 0.999996
1575282653.976780 343.888252 -0.636697 4.396145 -0.000109 0.001537 -0.001033 0.999998
1575282654.080770 345.487901 -0.642091 4.408921 0.000222 0.000509 -0.000133 1.000000
1575282654.184920 347.091034 -0.646495 4.423885 0.000729 0.001284 0.000818 0.999999
1575282654.288900 348.690961 -0.647561 4.444312 0.001545 0.001712 0.001314 0.999996
1575282654.393030 350.289147 -0.646351 4.462733 0.001685 0.001232 0.001526 0.999997
1575282654.497150 351.883894 -0.638591 4.487982 0.002016 0.000781 0.001629 0.999996
1575282654.601280 353.482693 -0.631593 4.510500 0.002049 0.000809 0.001639 0.999996
1575282654.705290 355.074411 -0.622500 4.537904 0.002296 0.000722 0.001621 0.999996
1575282654.809400 356.667501 -0.615109 4.566429 0.002620 0.000420 0.001632 0.999995
1575282654.913400 358.258690 -0.606755 4.595175 0.002712 0.000089 0.001692 0.999995
1575282655.017530 359.849643 -0.598137 4.622007 0.002960 0.000268 0.001655 0.999994
1575282655.121730 361.440997 -0.588050 4.648659 0.002744 -0.000233 0.001616 0.999995
1575282655.225650 363.026434 -0.581385 4.676118 0.003503 -0.000845 0.001573 0.999992
1575282655.329800 364.624479 -0.574872 4.705014 0.004182 -0.000105 0.001515 0.999990
1575282655.433900 366.221911 -0.564940 4.734815 0.005016 0.000470 0.001577 0.999986
1575282655.538040 367.819367 -0.556562 4.758784 0.005290 0.000121 0.001548 0.999985
1575282655.642550 369.425070 -0.540555 4.789618 0.004730 -0.000315 0.001361 0.999988
1575282655.746160 371.014101 -0.526389 4.816637 0.003726 0.000316 0.001131 0.999992
1575282655.852680 372.654509 -0.509359 4.849997 0.003057 0.000467 0.000885 0.999995
1575282655.957330 374.264629 -0.497602 4.877540 0.002855 0.000343 0.000701 0.999996
1575282656.058410 375.820608 -0.486475 4.905409 0.002943 -0.000054 0.000581 0.999995
1575282656.162570 377.426997 -0.478948 4.929376 0.002862 -0.000176 0.000439 0.999996
1575282656.266670 379.032799 -0.474213 4.954070 0.002670 -0.000202 0.000328 0.999996
1575282656.370810 380.647208 -0.469255 4.977675 0.002093 -0.000140 0.000176 0.999998
1575282656.474890 382.260583 -0.462828 5.004153 0.001446 0.000223 0.000021 0.999999
1575282656.579450 383.881356 -0.457582 5.030503 0.000868 -0.000082 -0.000112 1.000000
1575282656.683160 385.491929 -0.452751 5.056535 0.000435 -0.000373 -0.000246 1.000000
1575282656.787280 387.108761 -0.448761 5.084157 0.000061 -0.000323 -0.000407 1.000000
1575282656.891290 388.726931 -0.446353 5.108840 -0.000562 0.000139 -0.000526 1.000000
1575282656.995420 390.347372 -0.445127 5.131413 -0.001125 0.000500 -0.000714 0.999999
1575282657.099980 391.977498 -0.445004 5.152389 -0.001457 0.000169 -0.000909 0.999999
1575282657.203690 393.599704 -0.448144 5.177395 -0.001469 0.000242 -0.001034 0.999998
